,mean,std,range,max,min,slope,label,end,start
0,0.6375132619047619,0.08826442039518569,0.3083,0.792123,0.483823,0.0006700833333333333,2,420.0,0.0
1,0.6382016214285715,0.08822041666110553,0.3083,0.792123,0.483823,0.0006609476190476191,2,421.0,1.0
2,0.6388564761904761,0.08820679044212988,0.3083,0.792123,0.483823,0.0006639904761904762,2,422.0,2.0
3,0.6395448333333333,0.08821218546758414,0.3083,0.792123,0.483823,0.00069445,2,423.0,3.0
4,0.6402697428571428,0.08825410032436141,0.31341699999999995,0.79724,0.483823,0.0007157714285714285,2,424.0,4.0
5,0.640982469047619,0.08829981708440578,0.31341699999999995,0.79724,0.483823,0.0007340476190476191,2,425.0,5.0
6,0.6417317452380953,0.0883308001202048,0.318534,0.802357,0.483823,0.0007553666666666666,2,426.0,6.0
7,0.6424992952380951,0.08836705376500946,0.323651,0.807474,0.483823,0.0007553666666666668,2,427.0,7.0
8,0.6432607547619047,0.08842947464456445,0.32621,0.810033,0.483823,0.0007584142857142857,2,428.0,8.0
9,0.6440069857142857,0.08846806177429116,0.32621,0.810033,0.483823,0.0007431857142857142,2,429.0,9.0
10,0.644737988095238,0.08848389217461508,0.32621,0.810033,0.483823,0.0006579023809523812,2,430.0,10.0
11,0.6453958904761905,0.08860702809977163,0.32621,0.810033,0.483823,0.0006883595238095238,2,431.0,11.0
12,0.6461238452380952,0.08875313305298742,0.33260599999999996,0.816429,0.483823,0.0007462309523809523,2,432.0,12.0
13,0.6468974880952381,0.08891830499587998,0.34411899999999995,0.827942,0.483823,0.0007827809523809523,2,433.0,13.0
14,0.647652857142857,0.08900768218034714,0.34411899999999995,0.827942,0.483823,0.0007523214285714286,2,434.0,14.0
15,0.64838995,0.0890674699230863,0.34411899999999995,0.827942,0.483823,0.0007370928571428573,2,435.0,15.0
16,0.6491209499999999,0.08911020760047574,0.34411899999999995,0.827942,0.483823,0.000727954761904762,2,436.0,16.0
17,0.6498397666666667,0.08913605039188469,0.34411899999999995,0.827942,0.483823,0.0007370928571428571,2,437.0,17.0
18,0.6505524928571429,0.08908432862559922,0.34411899999999995,0.827942,0.483823,0.0007005428571428573,2,438.0,18.0
19,0.6512378071428572,0.08902426436134968,0.34411899999999995,0.827942,0.483823,0.0006883595238095238,2,439.0,19.0
20,0.6519200738095238,0.08894446392760126,0.34411899999999995,0.827942,0.483823,0.0006822666666666667,2,440.0,20.0
21,0.6525992952380953,0.08885485690087369,0.34411899999999995,0.827942,0.483823,0.0006700833333333333,2,441.0,21.0
22,0.6532754714285715,0.08878476202649623,0.34411899999999995,0.827942,0.483823,0.000663992857142857,2,442.0,22.0
23,0.6539394642857143,0.08873000892225788,0.34411899999999995,0.827942,0.483823,0.0006609476190476188,2,443.0,23.0
24,0.6546065023809524,0.08868439546733765,0.34411899999999995,0.827942,0.483823,0.0006579000000000001,2,444.0,24.0
25,0.6552552642857142,0.08863519391691811,0.34411899999999995,0.827942,0.483823,0.0006365785714285715,2,445.0,25.0
26,0.6558948904761904,0.08860509950842292,0.34411899999999995,0.827942,0.483823,0.0006396261904761904,2,446.0,26.0
27,0.6565253785714287,0.08855724315858945,0.34411899999999995,0.827942,0.483823,0.0005847999999999999,2,447.0,27.0
28,0.6571193166666667,0.08858525751864675,0.34411899999999995,0.827942,0.483823,0.0006213523809523809,2,448.0,28.0
29,0.6577376214285714,0.0885655341976293,0.34411899999999995,0.827942,0.483823,0.0006213500000000001,2,449.0,29.0
30,0.6583467880952381,0.08851987076306572,0.34411899999999995,0.827942,0.483823,0.0006792214285714285,2,450.0,30.0
31,0.6590321023809523,0.08835934001659411,0.34411899999999995,0.827942,0.483823,0.0007096809523809523,2,451.0,31.0
32,0.6597326452380953,0.08813352688555047,0.318534,0.827942,0.509408,0.0006396261904761906,2,452.0,32.0
33,0.6603722714285715,0.08801498382647097,0.30957899999999994,0.827942,0.518363,0.0005787095238095238,2,453.0,33.0
34,0.6609418428571429,0.08797579747875506,0.30957899999999994,0.827942,0.518363,0.0005634785714285714,2,454.0,34.0
35,0.6615053214285713,0.08794158158318194,0.30957899999999994,0.827942,0.518363,0.0005756619047619049,2,455.0,35.0
36,0.6620748928571429,0.08787844276133691,0.30957899999999994,0.827942,0.518363,0.0005756642857142856,2,456.0,36.0
37,0.6626414190476191,0.08779129392035473,0.30957899999999994,0.827942,0.518363,0.0005634785714285714,2,457.0,37.0
38,0.6632048976190477,0.08770500983481636,0.30957899999999994,0.827942,0.518363,0.0005573880952380951,2,458.0,38.0
39,0.6637561952380951,0.08761700166732143,0.30957899999999994,0.827942,0.518363,0.0005391142857142859,2,459.0,39.0
40,0.6643044452380953,0.08755398741793738,0.30957899999999994,0.827942,0.518363,0.000551295238095238,2,460.0,40.0
41,0.6648557404761906,0.08748308323325678,0.30957899999999994,0.827942,0.518363,0.0005634785714285714,2,461.0,41.0
42,0.6655136404761905,0.08752375346994873,0.30957899999999994,0.827942,0.518363,0.0006700833333333336,2,462.0,42.0
43,0.6662202738095239,0.08760319445718633,0.30957899999999994,0.827942,0.518363,0.0007157714285714286,2,463.0,43.0
44,0.6669360452380954,0.0876621161101525,0.30957899999999994,0.827942,0.518363,0.0007218619047619047,2,464.0,44.0
45,0.6676152666666666,0.08763331020198575,0.30957899999999994,0.827942,0.518363,0.0006670380952380952,2,465.0,45.0
46,0.66828535,0.08762418133610572,0.30957899999999994,0.827942,0.518363,0.0006761761904761907,2,466.0,46.0
47,0.6690285357142857,0.0877165138235569,0.31725499999999995,0.835618,0.518363,0.0007553690476190475,2,467.0,47.0
48,0.6697808571428571,0.08777606593536257,0.30957899999999994,0.835618,0.526039,0.0007188166666666667,2,468.0,48.0
49,0.6704874904761904,0.08786211344591731,0.30957899999999994,0.835618,0.526039,0.000691404761904762,2,469.0,49.0
50,0.6711332095238095,0.08788872576139024,0.30957899999999994,0.835618,0.526039,0.0006487642857142857,2,470.0,50.0
51,0.6718063404761905,0.08794568741166486,0.30957899999999994,0.835618,0.526039,0.0006731309523809523,2,471.0,51.0
52,0.6724764238095239,0.0879923669052709,0.30957899999999994,0.835618,0.526039,0.0006609452380952381,2,472.0,52.0
53,0.6731404166666667,0.0880528658530945,0.30957899999999994,0.835618,0.526039,0.0006700857142857143,2,473.0,53.0
54,0.6737861357142858,0.08805996951949528,0.30957899999999994,0.835618,0.526039,0.0006365809523809525,2,474.0,54.0
55,0.6744318523809525,0.08809047194699819,0.30957899999999994,0.835618,0.526039,0.0006457166666666667,2,475.0,55.0
56,0.6750653857142858,0.08809739297317641,0.30957899999999994,0.835618,0.526039,0.0006335333333333335,2,476.0,56.0
57,0.6757111023809523,0.0881185088312838,0.30957899999999994,0.835618,0.526039,0.0006396238095238094,2,477.0,57.0
58,0.6763537738095237,0.08814881851620927,0.30957899999999994,0.835618,0.526039,0.0006396261904761906,2,478.0,58.0
59,0.6769842619047618,0.0881648422016448,0.30957899999999994,0.835618,0.526039,0.0006243976190476191,2,479.0,59.0
60,0.6775934309523809,0.08816278077296236,0.30957899999999994,0.835618,0.526039,0.0006152595238095238,2,480.0,60.0
61,0.6781721380952381,0.0880981187417647,0.30957899999999994,0.835618,0.526039,0.0005817523809523809,2,481.0,61.0
62,0.6787660738095238,0.08804069666183756,0.30957899999999994,0.835618,0.526039,0.0006122119047619046,2,482.0,62.0
63,0.6793630571428572,0.08793114581719783,0.30957899999999994,0.835618,0.526039,0.0006030761904761904,2,483.0,63.0
64,0.6799722261904763,0.08781503451784475,0.30957899999999994,0.835618,0.526039,0.0006030761904761904,2,484.0,64.0
65,0.6805813928571428,0.08771230920515333,0.30957899999999994,0.835618,0.526039,0.0006122119047619049,2,485.0,65.0
66,0.681205788095238,0.08761617158756847,0.30957899999999994,0.835618,0.526039,0.0006304880952380951,2,486.0,66.0
67,0.6818484595238095,0.0875218494898534,0.30957899999999994,0.835618,0.526039,0.0006274428571428572,2,487.0,67.0
68,0.6824789499999999,0.087452300045469,0.30957899999999994,0.835618,0.526039,0.0006304904761904762,2,488.0,68.0
69,0.6831216238095237,0.0873954838958889,0.30957899999999994,0.835618,0.526039,0.0006579023809523809,2,489.0,69.0
70,0.6837521119047619,0.08727044192576562,0.30957899999999994,0.835618,0.526039,0.0006304880952380951,2,490.0,70.0
71,0.6843917380952382,0.08715282783166141,0.30957899999999994,0.835618,0.526039,0.0006487642857142857,2,491.0,71.0
72,0.6850374571428571,0.0870101789024084,0.30957899999999994,0.835618,0.526039,0.0006396261904761904,2,492.0,72.0
73,0.6856862214285714,0.08688567333371681,0.30957899999999994,0.835618,0.526039,0.0006518095238095238,2,493.0,73.0
74,0.6863258476190476,0.08673441677895981,0.30957899999999994,0.835618,0.526039,0.0006213523809523811,2,494.0,74.0
75,0.686938061904762,0.08659853348283168,0.30957899999999994,0.835618,0.526039,0.0005269309523809524,2,495.0,75.0
76,0.6874771761904762,0.08660261964902516,0.30957899999999994,0.835618,0.526039,0.0005756642857142856,2,496.0,76.0
77,0.6880985285714286,0.08661693315697926,0.30957899999999994,0.835618,0.526039,0.0006700857142857143,2,497.0,77.0
78,0.6888021166666667,0.08660177578061223,0.30957899999999994,0.835618,0.526039,0.0006944500000000002,2,498.0,78.0
79,0.6894935214285715,0.08659152551577746,0.30957899999999994,0.835618,0.526039,0.0006883595238095238,2,499.0,79.0
80,0.6901879738095239,0.08659106238640601,0.30957899999999994,0.835618,0.526039,0.0007279571428571428,2,500.0,80.0
81,0.6909220214285716,0.08653569722890317,0.312137,0.838176,0.526039,0.0007431833333333333,2,501.0,81.0
82,0.6916652047619049,0.08645676932774787,0.3108580000000001,0.838176,0.527318,0.0007370928571428573,2,502.0,82.0
83,0.6924022976190476,0.08638301516165413,0.3108580000000001,0.838176,0.527318,0.0007310000000000002,2,503.0,83.0
84,0.6931576642857142,0.08635680441861221,0.32109200000000004,0.84841,0.527318,0.0007584142857142857,2,504.0,84.0
85,0.6939069404761905,0.08630205297582262,0.32109200000000004,0.84841,0.527318,0.000737092857142857,2,505.0,85.0
86,0.6946440333333334,0.08626367051506806,0.32109200000000004,0.84841,0.527318,0.0007309999999999999,2,506.0,86.0
87,0.6953811261904763,0.08624084405376321,0.32109200000000004,0.84841,0.527318,0.0007310023809523809,2,507.0,87.0
88,0.6960816690476193,0.08617170991593302,0.32109200000000004,0.84841,0.527318,0.0006974952380952381,2,508.0,88.0
89,0.696766980952381,0.086083237994146,0.32109200000000004,0.84841,0.527318,0.0006883595238095238,2,509.0,89.0
90,0.6973578738095239,0.08585735007485924,0.32109200000000004,0.84841,0.527318,0.0005908928571428572,2,510.0,90.0
91,0.6979975,0.08568399396579826,0.32109200000000004,0.84841,0.527318,0.0006457166666666667,2,511.0,91.0
92,0.6986188500000001,0.08546418529833683,0.32109200000000004,0.84841,0.527318,0.000618304761904762,2,512.0,92.0
93,0.6991335976190477,0.08515072823921732,0.32109200000000004,0.84841,0.527318,0.0005208380952380951,2,513.0,93.0
94,0.6995478309523809,0.08477981977357861,0.32109200000000004,0.84841,0.527318,0.0004111880952380951,2,514.0,94.0
95,0.6999255142857143,0.08440983188833195,0.32109200000000004,0.84841,0.527318,0.00037463809523809535,2,515.0,95.0
96,0.7005072690476191,0.08413911392728171,0.32109200000000004,0.84841,0.527318,0.000587845238095238,2,516.0,96.0
97,0.7012169476190476,0.08400779790776296,0.32109200000000004,0.84841,0.527318,0.0007218619047619049,2,517.0,97.0
98,0.7019662238095239,0.08389098686139342,0.32109200000000004,0.84841,0.527318,0.0007462309523809525,2,518.0,98.0
99,0.7026911333333333,0.08373822298540644,0.32109200000000004,0.84841,0.527318,0.0007370928571428573,2,519.0,99.0
100,0.7033825380952381,0.08348581519051448,0.318534,0.84841,0.529876,0.0006853142857142857,2,520.0,100.0
101,0.7040739452380952,0.0832481494464955,0.315975,0.84841,0.532435,0.0006853142857142857,2,521.0,101.0
102,0.7047318452380952,0.08298053170420013,0.315975,0.84841,0.532435,0.0006579000000000001,2,522.0,102.0
103,0.7053836547619047,0.08269929692686316,0.315975,0.84841,0.532435,0.0006518095238095238,2,523.0,103.0
104,0.7060385095238095,0.08241567190787259,0.315975,0.84841,0.532435,0.0006518095238095238,2,524.0,104.0
105,0.7066872738095238,0.08212857022741135,0.315975,0.84841,0.532435,0.0006518095238095238,2,525.0,105.0
106,0.7073390833333334,0.08182883345100661,0.314696,0.84841,0.533714,0.0006457190476190475,2,526.0,106.0
107,0.7079665261904763,0.08151464388621796,0.314696,0.84841,0.533714,0.0006213499999999999,2,527.0,107.0
108,0.7085878761904761,0.081207319902996,0.314696,0.84841,0.533714,0.0006152595238095238,2,528.0,108.0
109,0.7092579619047618,0.08097516161164411,0.314696,0.84841,0.533714,0.0006670380952380952,2,529.0,109.0
110,0.7098671285714285,0.08067181584719331,0.314696,0.84841,0.533714,0.0006061214285714285,2,530.0,110.0
111,0.71047325,0.0803690903892895,0.314696,0.84841,0.533714,0.000590892857142857,2,531.0,111.0
112,0.7110610976190477,0.08008879721919078,0.314696,0.84841,0.533714,0.000581754761904762,2,532.0,112.0
113,0.7116428523809525,0.07981550371415866,0.314696,0.84841,0.533714,0.0005391142857142859,2,533.0,113.0
114,0.7121728285714286,0.07960886560071383,0.314696,0.84841,0.533714,0.0005269285714285714,2,534.0,114.0
115,0.7126967119047619,0.07940060129381503,0.314696,0.84841,0.533714,0.0005452047619047619,2,535.0,115.0
116,0.7132358238095239,0.07914288625555321,0.314696,0.84841,0.533714,0.0005756619047619049,2,536.0,116.0
117,0.7138114857142858,0.07880665313064981,0.314696,0.84841,0.533714,0.0005391119047619048,2,537.0,117.0
118,0.7143414595238096,0.07853095765565977,0.314696,0.84841,0.533714,0.0004751500000000001,2,538.0,118.0
119,0.7148227023809525,0.0783552712266349,0.314696,0.84841,0.533714,0.0004934261904761903,2,539.0,119.0
120,0.7153222190476191,0.07816118577453,0.314696,0.84841,0.533714,0.0005330190476190477,2,540.0,120.0
121,0.7158552380952381,0.07790189670975056,0.314696,0.84841,0.533714,0.0005756619047619049,2,541.0,121.0
122,0.7164217642857142,0.07754194424278761,0.314696,0.84841,0.533714,0.0005756642857142856,2,542.0,122.0
123,0.7170888023809523,0.07725988454123674,0.314696,0.84841,0.533714,0.0006670380952380952,2,543.0,123.0
124,0.7177741166666667,0.07699716718501623,0.314696,0.84841,0.533714,0.0006883595238095238,2,544.0,124.0
125,0.7184594309523809,0.07671600487790137,0.314696,0.84841,0.533714,0.0006853142857142859,2,545.0,125.0
126,0.7191416976190474,0.07642324837229082,0.314696,0.84841,0.533714,0.0006853119047619047,2,546.0,126.0
127,0.7198270095238096,0.07611613850745205,0.314696,0.84841,0.533714,0.000691404761904762,2,547.0,127.0
128,0.7205184142857144,0.07578708678798335,0.314696,0.84841,0.533714,0.0006883595238095238,2,548.0,128.0
129,0.7212067738095239,0.07545759931885923,0.314696,0.84841,0.533714,0.0006944499999999999,2,549.0,129.0
130,0.7219042714285714,0.07510989606650754,0.314696,0.84841,0.533714,0.0007066357142857143,2,550.0,130.0
131,0.7226048142857143,0.07472251568123343,0.312137,0.84841,0.536273,0.0006944499999999999,2,551.0,131.0
132,0.7232840357142858,0.07432116401403509,0.312137,0.84841,0.536273,0.0006792214285714286,2,552.0,132.0
133,0.7239663023809523,0.073915438296272,0.30957900000000005,0.84841,0.538831,0.0006761761904761907,2,553.0,133.0
134,0.724621157142857,0.07348945716161359,0.30701999999999996,0.84841,0.54139,0.0006487619047619046,2,554.0,134.0
135,0.7252851499999999,0.0730896942415138,0.29934499999999997,0.84841,0.549065,0.0006457190476190475,2,555.0,135.0
136,0.7259247761904761,0.0727192913530051,0.292948,0.84841,0.555462,0.0006091666666666667,2,556.0,136.0
137,0.726536988095238,0.0724171989185373,0.292948,0.84841,0.555462,0.0005695714285714285,2,557.0,137.0
138,0.7270791476190477,0.07216830874584322,0.292948,0.84841,0.555462,0.0005452047619047619,2,558.0,138.0
139,0.7276334904761903,0.07191857152341777,0.292948,0.84841,0.555462,0.0005695714285714285,2,559.0,139.0
140,0.7281939238095239,0.0716208174440651,0.292948,0.84841,0.555462,0.0005634785714285714,2,560.0,140.0
141,0.7287634952380952,0.07131753362027145,0.292948,0.84841,0.555462,0.000587847619047619,2,561.0,141.0
142,0.7293543880952381,0.07097007296143751,0.292948,0.84841,0.555462,0.0005908928571428572,2,562.0,142.0
143,0.7299361428571428,0.07060567623595666,0.292948,0.84841,0.555462,0.0005391119047619048,2,563.0,143.0
144,0.7304783,0.07033404148883284,0.292948,0.84841,0.555462,0.0005147452380952382,2,564.0,144.0
145,0.73099,0.07011020939095002,0.292948,0.84841,0.555462,0.0005299761904761906,2,565.0,145.0
146,0.7315199761904762,0.0698445601585911,0.292948,0.84841,0.555462,0.0005634785714285714,2,566.0,146.0
147,0.7320773642857142,0.06949306308414743,0.292948,0.84841,0.555462,0.000587847619047619,2,567.0,147.0
148,0.7325738357142856,0.06899082218440473,0.292948,0.84841,0.555462,0.0004995166666666667,2,568.0,148.0
149,0.7330276642857143,0.06845754167632569,0.292948,0.84841,0.555462,0.0004568738095238096,2,569.0,149.0
150,0.7334693095238094,0.06790669421012226,0.292948,0.84841,0.555462,0.00044164523809523803,2,570.0,150.0
151,0.7339079095238095,0.06734815602429488,0.29039000000000004,0.84841,0.55802,0.00043250952380952405,2,571.0,151.0
152,0.7343586928571428,0.06680076792731857,0.28655200000000003,0.84841,0.561858,0.00044164523809523825,2,572.0,152.0
153,0.7348582095238095,0.06629144918244344,0.28015599999999996,0.84841,0.568254,0.0004842880952380951,2,573.0,153.0
154,0.7352998547619046,0.06579606743177019,0.27503900000000003,0.84841,0.573371,0.00042946190476190484,2,574.0,154.0
155,0.7357293166666666,0.06532470638865519,0.27376,0.84841,0.57465,0.0004264166666666667,2,575.0,155.0
156,0.7361618261904761,0.06485646157646739,0.25712900000000005,0.84841,0.591281,0.00039291190476190485,2,576.0,156.0
157,0.736588242857143,0.06449022152254352,0.243058,0.84841,0.605352,0.0003898666666666667,2,577.0,157.0
158,0.7370877595238096,0.06429390044750806,0.243058,0.84841,0.605352,0.0004995166666666667,2,578.0,158.0
159,0.7375750928571427,0.06407858181452228,0.243058,0.84841,0.605352,0.0004903809523809524,2,579.0,159.0
160,0.737968007142857,0.0637718266058016,0.24049900000000002,0.84841,0.607911,0.00037768333333333323,2,580.0,160.0
161,0.7384218357142857,0.06354982046562749,0.24049900000000002,0.84841,0.607911,0.00041423333333333323,2,581.0,161.0
162,0.7389061238095237,0.06348436782790295,0.24049900000000002,0.84841,0.607911,0.00045383095238095216,2,582.0,162.0
163,0.7393782285714285,0.063493074122302,0.24049900000000002,0.84841,0.607911,0.0004446904761904762,2,583.0,163.0
164,0.7397894166666666,0.06348951654924884,0.24049900000000002,0.84841,0.607911,0.0003776857142857143,2,584.0,164.0
165,0.7401671023809524,0.06352574468956132,0.24049900000000002,0.84841,0.607911,0.00034418095238095245,2,585.0,165.0
166,0.7405326023809523,0.06362481960110261,0.24049900000000002,0.84841,0.607911,0.00035636190476190485,2,586.0,166.0
167,0.740849369047619,0.06367705429893876,0.24049900000000002,0.84841,0.607911,0.00035940952380952374,2,587.0,167.0
168,0.7410960833333333,0.06359018104468202,0.24049900000000002,0.84841,0.607911,0.00026194285714285716,2,588.0,168.0
169,0.7413976214285712,0.06350684045133599,0.24049900000000002,0.84841,0.607911,0.00033504285714285715,2,589.0,169.0
170,0.7417874904761905,0.06342432733886899,0.24049900000000002,0.84841,0.607911,0.0003868214285714285,2,590.0,170.0
171,0.7422260904761905,0.06340819327643936,0.24049900000000002,0.84841,0.607911,0.0004507833333333333,2,591.0,171.0
172,0.7426433690476191,0.06332683340680198,0.24049900000000002,0.84841,0.607911,0.00042946190476190484,2,592.0,172.0
173,0.7430880595238095,0.06324147984521807,0.24049900000000002,0.84841,0.607911,0.00042946190476190457,2,593.0,173.0
174,0.7435114309523809,0.06317006424239324,0.24049900000000002,0.84841,0.607911,0.0004264166666666667,2,594.0,174.0
175,0.7439012976190477,0.06305032245074069,0.24049900000000002,0.84841,0.607911,0.00039595952380952373,2,595.0,175.0
176,0.7442302476190478,0.06286695983731282,0.24049900000000002,0.84841,0.607911,0.0003259047619047619,2,596.0,176.0
177,0.7445196023809523,0.06267132150955335,0.24049900000000002,0.84841,0.607911,0.0003015380952380953,2,597.0,177.0
178,0.7448120023809525,0.062450679875574,0.24049900000000002,0.84841,0.607911,0.0003076285714285714,2,598.0,178.0
179,0.7451074476190475,0.06219821250639051,0.24049900000000002,0.84841,0.607911,0.0003076285714285714,2,599.0,179.0
180,0.7454059404761906,0.06191908629958156,0.24049900000000002,0.84841,0.607911,0.000258897619047619,2,600.0,180.0
181,0.7456587452380954,0.06170939525970442,0.24049900000000002,0.84841,0.607911,0.0002954452380952382,2,601.0,181.0
182,0.7459511452380952,0.06141901503722761,0.24049900000000002,0.84841,0.607911,0.0002954452380952382,2,602.0,182.0
183,0.7462404976190475,0.061119842469703915,0.24049900000000002,0.84841,0.607911,0.0002984904761904764,2,603.0,183.0
184,0.7465268047619047,0.06079993427208992,0.24049900000000002,0.84841,0.607911,0.00028630714285714297,2,604.0,184.0
185,0.7468252952380953,0.06047579661227312,0.24049900000000002,0.84841,0.607911,0.0003015357142857143,2,605.0,185.0
186,0.7471237857142857,0.060142083539903635,0.24049900000000002,0.84841,0.607911,0.0002954452380952382,2,606.0,186.0
187,0.7475075595238095,0.05983129742692627,0.24049900000000002,0.84841,0.607911,0.0003807285714285714,2,607.0,187.0
188,0.7478913357142858,0.059524661910754915,0.24049900000000002,0.84841,0.607911,0.00037463809523809535,2,608.0,188.0
189,0.7482812023809523,0.05924267093633563,0.24049900000000002,0.84841,0.607911,0.00039291190476190485,2,609.0,189.0
190,0.7486771595238095,0.05895225518720963,0.24049900000000002,0.84841,0.607911,0.0003807285714285714,2,610.0,190.0
191,0.7490670261904763,0.05869628811251534,0.24049900000000002,0.84841,0.607911,0.0004081428571428572,2,611.0,191.0
192,0.7494508023809525,0.058381848113347644,0.24049900000000002,0.84841,0.607911,0.0003807285714285714,2,612.0,192.0
193,0.7498680809523811,0.058094904194389986,0.24049900000000002,0.84841,0.607911,0.0004446928571428569,2,613.0,193.0
194,0.7503127738095239,0.057739902321150324,0.24049900000000002,0.84841,0.607911,0.00043555476190476166,2,614.0,194.0
195,0.7507422357142858,0.05739648984720366,0.24049900000000002,0.84841,0.607911,0.00043555238095238093,2,615.0,195.0
196,0.7511442857142857,0.057011590986305545,0.24049900000000002,0.84841,0.607911,0.00041118809523809534,2,616.0,196.0
197,0.7515036928571429,0.05658168492503261,0.23282400000000003,0.84841,0.615586,0.0003411333333333335,2,617.0,197.0
198,0.7517869571428571,0.056197026694208584,0.22386899999999998,0.84841,0.624541,0.00024062142857142872,2,618.0,198.0
199,0.7520001642857143,0.05591700508797592,0.22386899999999998,0.84841,0.624541,0.0002345285714285714,2,619.0,199.0
200,0.7522438309523809,0.055583035467988866,0.22131,0.84841,0.6271,0.0002345285714285714,2,620.0,200.0
201,0.7524753142857142,0.05526825909611691,0.22131,0.84841,0.6271,0.00022843809523809505,2,621.0,201.0
202,0.7527037523809524,0.05495755851096648,0.22131,0.84841,0.6271,0.00022234523809523796,2,622.0,202.0
203,0.7529260976190477,0.05465773686176545,0.22131,0.84841,0.6271,0.00021930000000000005,2,623.0,203.0
204,0.7531362595238095,0.054367042297979264,0.22131,0.84841,0.6271,0.00020102380952380955,2,624.0,204.0
205,0.7533586047619047,0.05408320810522718,0.22131,0.84841,0.6271,0.0002162547619047619,2,625.0,205.0
206,0.7536022714285715,0.05380125289856081,0.22131,0.84841,0.6271,0.0002467119047619048,2,626.0,206.0
207,0.7538550761904761,0.053509004255793954,0.22131,0.84841,0.6271,0.000258897619047619,2,627.0,207.0
208,0.7541139738095238,0.05320057727673531,0.22131,0.84841,0.6271,0.0002497595238095237,2,628.0,208.0
209,0.7543454571428573,0.05291382027113766,0.22131,0.84841,0.6271,0.00022234523809523796,2,629.0,209.0
210,0.7545099309523811,0.05267656328086835,0.22131,0.84841,0.6271,0.00016142857142857137,2,630.0,210.0
211,0.7546774523809524,0.05243940685287226,0.22131,0.84841,0.6271,0.0001492452380952382,2,631.0,211.0
212,0.7548297428571428,0.052235467298074045,0.22131,0.84841,0.6271,0.00013097142857142872,2,632.0,212.0
213,0.7549546238095238,0.052074974384113716,0.22131,0.84841,0.6271,0.00010660476190476185,2,633.0,213.0
214,0.7550612285714284,0.05194521662991413,0.22131,0.84841,0.6271,0.00010355952380952369,2,634.0,214.0
215,0.7551586952380952,0.05182490181390994,0.22131,0.84841,0.6271,7.919047619047608e-05,2,635.0,215.0
216,0.755240930952381,0.05173014625049511,0.22131,0.84841,0.6271,5.17785714285716e-05,2,636.0,216.0
217,0.7552927095238096,0.051676737435222796,0.22131,0.84841,0.6271,6.700714285714292e-05,2,637.0,217.0
218,0.7553627642857142,0.05160083362601035,0.22131,0.84841,0.6271,0.00014620000000000003,2,638.0,218.0
219,0.7555241928571428,0.051384964525103445,0.22131,0.84841,0.6271,0.00016142857142857162,2,639.0,219.0
220,0.755691711904762,0.051163637228763596,0.22131,0.84841,0.6271,0.00018275000000000005,2,640.0,220.0
221,0.7558866452380952,0.05090173373135219,0.22131,0.84841,0.6271,0.00019797857142857137,2,641.0,221.0
222,0.7560876714285715,0.05062944110252399,0.22131,0.84841,0.6271,0.0001979809523809524,2,642.0,222.0
223,0.7562917428571428,0.05035847169780512,0.22131,0.84841,0.6271,0.00014010714285714294,2,643.0,223.0
224,0.7564318499999999,0.05020860467194533,0.22131,0.84841,0.6271,0.00013706190476190478,2,644.0,224.0
225,0.75657805,0.050058796602831857,0.22131,0.84841,0.6271,0.00015229285714285712,2,645.0,225.0
226,0.7567090214285714,0.04990874229371059,0.22131,0.84841,0.6271,0.0001340166666666666,2,646.0,226.0
227,0.756849130952381,0.04974913810719781,0.22131,0.84841,0.6271,0.0001401095238095237,2,647.0,227.0
228,0.7569953309523809,0.049585397371389145,0.22131,0.84841,0.6271,0.00014315476190476187,2,648.0,228.0
229,0.7571537142857143,0.04941921132394033,0.22131,0.84841,0.6271,0.0001583833333333332,2,649.0,229.0
230,0.7573090523809524,0.04925316435043123,0.22131,0.84841,0.6271,0.00014010714285714267,2,650.0,230.0
231,0.757443069047619,0.04911430070261753,0.22131,0.84841,0.6271,0.00010355952380952396,2,651.0,231.0
232,0.7575313976190476,0.04902812310211057,0.22131,0.84841,0.6271,0.00010355714285714293,2,652.0,232.0
233,0.7576349547619048,0.048919922122016346,0.22131,0.84841,0.6271,0.00011574047619047636,2,653.0,233.0
234,0.757756788095238,0.048788843032187,0.22131,0.84841,0.6271,0.00010965000000000002,2,654.0,234.0
235,0.757863392857143,0.04867781126272006,0.22131,0.84841,0.6271,0.00011269761904761895,2,655.0,235.0
236,0.7579760904761905,0.04855693353963743,0.22131,0.84841,0.6271,0.00012488095238095238,2,656.0,236.0
237,0.7581009714285715,0.04841573055584648,0.22131,0.84841,0.6271,0.00014315476190476187,2,657.0,237.0
238,0.7582319428571428,0.04824949157300911,0.22131,0.84841,0.6271,0.00012183333333333345,2,658.0,238.0
239,0.7583476833333334,0.0481033486023999,0.22131,0.84841,0.6271,0.00012487857142857135,2,659.0,239.0
240,0.7585852571428572,0.0479090533222467,0.22131,0.84841,0.6271,0.00025280238095238086,2,660.0,240.0
241,0.7588807023809524,0.047700343136776124,0.22131,0.84841,0.6271,0.00030458333333333325,2,661.0,241.0
242,0.7591822404761904,0.04746823758504487,0.22131,0.84841,0.6271,0.0003137214285714285,2,662.0,242.0
243,0.7595050976190476,0.047211946054720136,0.22131,0.84841,0.6271,0.00028021666666666666,2,663.0,243.0
244,0.7597914071428572,0.04704396655352306,0.22131,0.84841,0.6271,0.00029849285714285715,2,664.0,244.0
245,0.7600868547619049,0.046847997021119386,0.22131,0.84841,0.6271,0.00028326428571428554,2,665.0,245.0
246,0.7603548880952382,0.04666420534428576,0.22131,0.84841,0.6271,0.0002619404761904761,2,666.0,246.0
247,0.7606168285714285,0.04648960598501606,0.22131,0.84841,0.6271,0.00025585000000000007,2,667.0,247.0
248,0.7608757261904763,0.046325658262522086,0.22131,0.84841,0.6271,0.0002741261904761903,2,668.0,248.0
249,0.7611498523809523,0.046130849413763796,0.22131,0.84841,0.6271,0.00031067619047619034,2,669.0,249.0
250,0.7614635738095239,0.04585676858485072,0.22131,0.84841,0.6271,0.00034722619047619033,2,670.0,250.0
251,0.7618290738095238,0.04550696285558717,0.22131,0.84841,0.6271,0.0003990023809523809,2,671.0,251.0
252,0.7622463523809524,0.04507107083959964,0.21875199999999995,0.84841,0.629658,0.0004020500000000001,2,672.0,252.0
253,0.7625722571428571,0.04463165189244247,0.21875199999999995,0.84841,0.629658,0.0003259047619047619,2,673.0,253.0
254,0.7628859785714285,0.04418410155853862,0.21875199999999995,0.84841,0.629658,0.00031981428571428586,2,674.0,254.0
255,0.7631905619047619,0.04371186295502113,0.21875199999999995,0.84841,0.629658,0.0003076285714285714,2,675.0,255.0
256,0.7634585952380952,0.04323478171849248,0.19188799999999995,0.84841,0.656522,0.00019797857142857137,2,676.0,256.0
257,0.7636413452380953,0.04295450986652819,0.19188799999999995,0.84841,0.656522,0.0001705666666666669,2,677.0,257.0
258,0.7638058190476191,0.04270495171384159,0.19188799999999995,0.84841,0.656522,0.00018274999999999978,2,678.0,258.0
259,0.7639763857142857,0.042418212785971854,0.18037400000000003,0.84841,0.668036,0.00014315238095238112,2,679.0,259.0
260,0.7641347690476191,0.04218322880258156,0.17269900000000005,0.84841,0.675711,0.00013097142857142872,2,680.0,260.0
261,0.7642626928571428,0.042007623719175706,0.17269900000000005,0.84841,0.675711,0.00012183333333333318,2,681.0,261.0
262,0.7644028023809524,0.04183113810168659,0.17269900000000005,0.84841,0.675711,0.00015533809523809528,2,682.0,262.0
263,0.7645550952380952,0.04162388465544725,0.17269900000000005,0.84841,0.675711,0.0001522928571428574,2,683.0,263.0
264,0.7647012952380953,0.04141890450896014,0.17269900000000005,0.84841,0.675711,0.00014620000000000003,2,684.0,264.0
265,0.7648383571428571,0.04121895937095974,0.16886100000000004,0.84841,0.679549,0.0001279238095238095,2,685.0,265.0
266,0.765011969047619,0.04101240342008621,0.167582,0.84841,0.680828,0.00016752142857142844,2,686.0,266.0
267,0.7651855833333332,0.04081494487183187,0.167582,0.84841,0.680828,0.00017361428571428553,2,687.0,267.0
268,0.7653104642857143,0.040640426552541666,0.167582,0.84841,0.680828,0.00011574285714285712,2,688.0,268.0
269,0.7654383904761903,0.0404746267252402,0.167582,0.84841,0.680828,0.00012183333333333345,2,689.0,269.0
270,0.7655510857142857,0.040325879041076214,0.167582,0.84841,0.680828,0.00011269523809523819,2,690.0,270.0
271,0.7656455047619047,0.0401915720309794,0.167582,0.84841,0.680828,8.223571428571425e-05,2,691.0,271.0
272,0.7657064214285715,0.040101649827668805,0.167582,0.84841,0.680828,3.350476190476184e-05,2,692.0,272.0
273,0.7657490619047619,0.040046703674477456,0.167582,0.84841,0.680828,6.396190476190475e-05,2,693.0,273.0
274,0.76579475,0.039978194674357585,0.167582,0.84841,0.680828,3.655000000000001e-05,2,694.0,274.0
275,0.7658343452380952,0.03992122216443579,0.167582,0.84841,0.680828,3.9595238095238176e-05,2,695.0,275.0
276,0.7658800333333334,0.03985679944858347,0.167582,0.84841,0.680828,4.26428571428571e-05,2,696.0,276.0
277,0.7659287666666665,0.039790259747387965,0.167582,0.84841,0.680828,4.264047619047608e-05,2,697.0,277.0
278,0.7660201404761905,0.03969155125736434,0.167582,0.84841,0.680828,6.700714285714292e-05,2,698.0,278.0
279,0.7660901928571429,0.03962574434582176,0.167582,0.84841,0.680828,4.873333333333343e-05,2,699.0,279.0
280,0.7660962857142858,0.03961932115352289,0.167582,0.84841,0.680828,-1.8273809523809493e-05,2,700.0,280.0
281,0.7660597357142858,0.03965664435626394,0.167582,0.84841,0.680828,-6.0916666666666855e-05,2,701.0,281.0
282,0.7659957738095238,0.039714583508529716,0.167582,0.84841,0.680828,-7.310000000000002e-05,2,702.0,282.0
283,0.7659866357142857,0.03971931424068937,0.167582,0.84841,0.680828,-1.5230952380952347e-05,2,703.0,283.0
284,0.7659988190476191,0.0397151650465761,0.167582,0.84841,0.680828,1.827619047619025e-05,2,704.0,284.0
285,0.7660201404761905,0.039707550061631014,0.167582,0.84841,0.680828,6.09285714285709e-06,2,705.0,285.0
286,0.7660262333333335,0.03970586235105333,0.167582,0.84841,0.680828,1.8276190476190514e-05,2,706.0,286.0
287,0.7660445095238095,0.03969961602090191,0.167582,0.84841,0.680828,1.218333333333316e-05,2,707.0,287.0
288,0.766056692857143,0.03969583955414023,0.167582,0.84841,0.680828,2.7411904761904752e-05,2,708.0,288.0
289,0.7660993333333332,0.03968259000425794,0.167582,0.84841,0.680828,3.655000000000001e-05,2,709.0,289.0
290,0.7661145619047619,0.03967661827699721,0.167582,0.84841,0.680828,9.135714285714236e-06,2,710.0,290.0
291,0.7661511119047618,0.03966874186775793,0.167582,0.84841,0.680828,2.1321428571428683e-05,2,711.0,291.0
292,0.7661754785714285,0.039665828788974115,0.167582,0.84841,0.680828,1.8276190476190514e-05,2,712.0,292.0
293,0.7662059380952381,0.039665112936588975,0.167582,0.84841,0.680828,3.9595238095238176e-05,2,713.0,293.0
294,0.7662607619047619,0.039665534011525685,0.167582,0.84841,0.680828,7.005476190476212e-05,2,714.0,294.0
295,0.7663247261904763,0.03965870854534414,0.167582,0.84841,0.680828,9.74666666666666e-05,2,715.0,295.0
296,0.7664161,0.03962961002426991,0.167582,0.84841,0.680828,0.00016142857142857137,2,716.0,296.0
297,0.7665866666666667,0.039519496270928565,0.167582,0.84841,0.680828,0.00020102619047619055,2,717.0,297.0
298,0.7667724642857143,0.039353086864597216,0.167582,0.84841,0.680828,0.00017970476190476187,2,718.0,298.0
299,0.7669552142857143,0.039196806486799476,0.167582,0.84841,0.680828,0.0001949333333333332,2,719.0,299.0
300,0.7671471023809523,0.03901539179058505,0.167582,0.84841,0.680828,0.00019188809523809503,2,720.0,300.0
301,0.7673420357142856,0.0388324695933719,0.167582,0.84841,0.680828,0.0002101619047619048,2,721.0,301.0
302,0.7675857023809524,0.03862543307896513,0.167582,0.84841,0.680828,0.00024671428571428555,2,722.0,302.0
303,0.7678598285714285,0.038425850725212665,0.167582,0.84841,0.680828,0.0002771714285714285,2,723.0,303.0
304,0.7680913119047619,0.03819299789191421,0.16502300000000003,0.84841,0.683387,0.00022539047619047638,2,724.0,304.0
305,0.7682923357142857,0.037968170231306726,0.16246499999999997,0.84841,0.685945,0.0001949333333333332,2,725.0,305.0
306,0.7684903142857143,0.037754454778479746,0.152231,0.84841,0.696179,9.137380952380951e-05,2,726.0,306.0
307,0.7685816880952381,0.037709342892462167,0.152231,0.84841,0.696179,0.00010051190476190477,2,727.0,307.0
308,0.7686669714285714,0.03765540179688564,0.152231,0.84841,0.696179,9.746666666666686e-05,2,728.0,308.0
309,0.7687857595238096,0.03758588300757131,0.152231,0.84841,0.696179,0.00010355952380952369,2,729.0,309.0
310,0.7689532809523809,0.03756122745169823,0.152231,0.84841,0.696179,0.00017361190476190478,2,730.0,310.0
311,0.7691238476190476,0.037526619919485714,0.152231,0.84841,0.696179,0.00016142857142857137,2,731.0,311.0
312,0.7692730928571428,0.03749313026578458,0.152231,0.84841,0.696179,0.00012792619047619053,2,732.0,312.0
313,0.7693979738095238,0.037477417290654985,0.152231,0.84841,0.696179,8.833095238095237e-05,2,733.0,313.0
314,0.7695167619047619,0.03750667112846125,0.152231,0.84841,0.696179,8.223809523809528e-05,2,734.0,314.0
315,0.7695837714285715,0.037530992723222925,0.152231,0.84841,0.696179,3.0459523809523674e-05,2,735.0,315.0
316,0.7696111857142857,0.03754604161456508,0.152231,0.84841,0.696179,3.0459523809523938e-05,2,736.0,316.0
317,0.769659919047619,0.03757687689724346,0.152231,0.84841,0.696179,0.0001340166666666666,2,737.0,317.0
318,0.769769569047619,0.03757880494548685,0.152231,0.84841,0.696179,9.44214285714287e-05,2,738.0,318.0
319,0.7698518071428572,0.03758144038970815,0.152231,0.84841,0.696179,9.137380952380951e-05,2,739.0,319.0
320,0.7699005404761905,0.03756881558275718,0.152231,0.84841,0.696179,6.091666666666659e-05,2,740.0,320.0
321,0.7699431809523809,0.0375504509805601,0.152231,0.84841,0.696179,5.787142857142869e-05,2,741.0,321.0
322,0.7699766857142858,0.03752855752212841,0.152231,0.84841,0.696179,2.132142857142842e-05,2,742.0,322.0
323,0.7700101904761905,0.03751119210495912,0.152231,0.84841,0.696179,4.568809523809526e-05,2,743.0,323.0
324,0.7700680619047618,0.03748110802468455,0.152231,0.84841,0.696179,7.919047619047635e-05,2,744.0,324.0
325,0.770144207142857,0.037430944345903695,0.152231,0.84841,0.696179,0.00010051190476190477,2,745.0,325.0
326,0.7702264428571428,0.037356810510956316,0.152231,0.84841,0.696179,8.223571428571425e-05,2,746.0,326.0
327,0.7702599452380953,0.03731732799274929,0.152231,0.84841,0.696179,4.264047619047608e-05,2,747.0,327.0
328,0.7703056333333334,0.03726180045478509,0.152231,0.84841,0.696179,4.26428571428571e-05,2,748.0,328.0
329,0.7703726428571429,0.03719048157738971,0.152231,0.84841,0.696179,6.396428571428578e-05,2,749.0,329.0
330,0.7704792476190475,0.03710406383731365,0.152231,0.84841,0.696179,0.00012487857142857162,2,750.0,330.0
331,0.7705797595238095,0.0369978005952063,0.152231,0.84841,0.696179,8.832857142857134e-05,2,751.0,331.0
332,0.7706559047619047,0.036916912472411495,0.152231,0.84841,0.696179,4.873333333333343e-05,2,752.0,332.0
333,0.7707229142857143,0.03686289708109905,0.152231,0.84841,0.696179,2.132142857142842e-05,2,753.0,333.0
334,0.7707229142857143,0.03686289708109905,0.152231,0.84841,0.696179,6.09285714285709e-06,2,754.0,334.0
335,0.7707503285714287,0.036846927787377755,0.152231,0.84841,0.696179,5.787142857142842e-05,2,755.0,335.0
336,0.7708264738095238,0.036797134399838664,0.152231,0.84841,0.696179,9.44214285714287e-05,2,756.0,336.0
337,0.7709483071428571,0.03672336080154464,0.152231,0.84841,0.696179,0.0001279238095238095,2,757.0,337.0
338,0.7710518642857144,0.03664214714009461,0.152231,0.84841,0.696179,9.74666666666666e-05,2,758.0,338.0
339,0.7711615142857144,0.03656714770700589,0.152231,0.84841,0.696179,0.00010051190476190477,2,759.0,339.0
340,0.7712376595238096,0.0365081113395598,0.152231,0.84841,0.696179,4.2640476190476345e-05,2,760.0,340.0
341,0.7712863928571428,0.03648130408436166,0.152231,0.84841,0.696179,3.655000000000001e-05,2,761.0,341.0
342,0.7713534000000001,0.03646076635073456,0.152231,0.84841,0.696179,4.873333333333343e-05,2,762.0,342.0
343,0.7714082261904761,0.036451559043133235,0.152231,0.84841,0.696179,4.873333333333343e-05,2,763.0,343.0
344,0.7714721880952381,0.0364485685316323,0.152231,0.84841,0.696179,5.1778571428571336e-05,2,764.0,344.0
345,0.7715270119047618,0.036450726008542794,0.152231,0.84841,0.696179,5.7869047619047666e-05,2,765.0,345.0
346,0.771584880952381,0.03645189851480231,0.152231,0.84841,0.696179,5.7869047619047666e-05,2,766.0,346.0
347,0.7716305666666666,0.03644955257962818,0.152231,0.84841,0.696179,4.568571428571424e-05,2,767.0,347.0
348,0.7717371714285715,0.03648125776972456,0.152231,0.84841,0.696179,0.00011878809523809528,2,768.0,348.0
349,0.7718163619047619,0.03648099344782778,0.152231,0.84841,0.696179,8.528333333333345e-05,2,769.0,349.0
350,0.771926011904762,0.036491876313807695,0.152231,0.84841,0.696179,0.00012183333333333318,2,770.0,350.0
351,0.7720417547619048,0.03649083316545274,0.152231,0.84841,0.696179,0.00011269761904761922,2,771.0,351.0
352,0.7721422690476191,0.03648434293503753,0.152231,0.84841,0.696179,0.00010660476190476185,2,772.0,352.0
353,0.7722519190476191,0.03647502322311502,0.152231,0.84841,0.696179,0.00012487857142857135,2,773.0,353.0
354,0.7723737523809525,0.03645145449074791,0.152231,0.84841,0.696179,0.00011574285714285712,2,774.0,354.0
355,0.7724955857142859,0.03643601737932485,0.152231,0.84841,0.696179,8.528333333333345e-05,2,775.0,355.0
356,0.7725595476190477,0.036433362035040134,0.152231,0.84841,0.696179,8.223571428571425e-05,2,776.0,356.0
357,0.7725260428571429,0.036460637611488066,0.152231,0.84841,0.696179,-3.959523809523791e-05,2,777.0,357.0
358,0.7724651261904762,0.036515433983464345,0.152231,0.84841,0.696179,-3.655000000000001e-05,2,778.0,358.0
359,0.7724316214285715,0.03654959894212922,0.152231,0.84841,0.696179,-3.350476190476184e-05,2,779.0,359.0
360,0.7723767976190477,0.036612072691999835,0.152231,0.84841,0.696179,-4.264047619047608e-05,2,780.0,360.0
361,0.7723311095238095,0.03666797754168518,0.152231,0.84841,0.696179,-6.700952380952395e-05,2,781.0,361.0
362,0.7722641000000002,0.03674154993528638,0.152231,0.84841,0.696179,-7.310000000000002e-05,2,782.0,362.0
363,0.7721879547619047,0.0368235040067301,0.152231,0.84841,0.696179,-7.919285714285711e-05,2,783.0,363.0
364,0.7721026714285716,0.036916367039845785,0.152231,0.84841,0.696179,-0.00010355714285714293,2,784.0,364.0
365,0.7721300833333332,0.036909849275862196,0.152231,0.84841,0.696179,6.091666666666659e-05,2,785.0,365.0
366,0.7722549642857144,0.03690153692600222,0.152231,0.84841,0.696179,0.00013097142857142872,2,786.0,366.0
367,0.7724011642857144,0.03689887021988563,0.152231,0.84841,0.696179,0.00016447619047619055,2,787.0,367.0
368,0.7725625952380953,0.03687565648704377,0.152231,0.84841,0.696179,0.00015229285714285712,2,788.0,368.0
369,0.7726874738095237,0.036844197816995355,0.152231,0.84841,0.696179,9.441904761904768e-05,2,789.0,369.0
370,0.7727453428571428,0.03682745739586639,0.152231,0.84841,0.696179,5.7869047619047666e-05,2,790.0,370.0
371,0.7727575261904763,0.036820746081610796,0.152231,0.84841,0.696179,1.5230952380952347e-05,2,791.0,371.0
372,0.7726874738095237,0.036894500638232686,0.152231,0.84841,0.696179,-5.4823809523809504e-05,2,792.0,372.0
373,0.7726296023809524,0.03696122907506619,0.152231,0.84841,0.696179,-5.178095238095262e-05,2,793.0,373.0
374,0.7725717309523811,0.037031744546518,0.152231,0.84841,0.696179,-4.568809523809526e-05,2,794.0,374.0
375,0.77259305,0.03701242581472278,0.152231,0.84841,0.696179,2.4366666666666848e-05,2,795.0,375.0
376,0.7726539666666667,0.03696869623535223,0.152231,0.84841,0.696179,6.396190476190475e-05,2,796.0,376.0
377,0.7726783333333334,0.03694525646545727,0.152231,0.84841,0.696179,3.0457142857142917e-05,2,797.0,377.0
378,0.7726966071428572,0.03692575841766114,0.152231,0.84841,0.696179,3.959523809523791e-05,2,798.0,378.0
379,0.772687469047619,0.03693915067379626,0.152231,0.84841,0.696179,-2.7411904761904752e-05,2,799.0,379.0
380,0.7726052333333333,0.03707637961788293,0.15478899999999995,0.84841,0.693621,-8.223571428571425e-05,2,800.0,380.0
381,0.7725047214285714,0.03725352980733143,0.16246499999999997,0.84841,0.685945,-7.614523809523793e-05,2,801.0,381.0
382,0.772398119047619,0.03747296986826281,0.175257,0.84841,0.673153,-0.00010660238095238084,2,802.0,382.0
383,0.7722976071428572,0.03767501388251959,0.175257,0.84841,0.673153,-9.44214285714287e-05,2,803.0,383.0
384,0.7722915142857143,0.03768442587427338,0.175257,0.84841,0.673153,-7.614761904761894e-05,2,804.0,384.0
385,0.772279330952381,0.037694140698806534,0.175257,0.84841,0.673153,1.5230952380952611e-05,2,805.0,385.0
386,0.7722854238095238,0.03768804221843423,0.175257,0.84841,0.673153,1.522857142857159e-05,2,806.0,386.0
387,0.7722976071428572,0.03767501452927891,0.175257,0.84841,0.673153,-3.045238095238167e-06,2,807.0,387.0
388,0.7722671476190477,0.037709636262747016,0.175257,0.84841,0.673153,-1.2183333333333424e-05,2,808.0,388.0
389,0.7723219738095238,0.037662178509642416,0.175257,0.84841,0.673153,8.528333333333345e-05,2,809.0,389.0
390,0.7723707071428573,0.037601644578933315,0.175257,0.84841,0.673153,5.17785714285716e-05,2,810.0,390.0
391,0.7725016761904763,0.037494060025491334,0.175257,0.84841,0.673153,0.00013706190476190478,2,811.0,391.0
392,0.7726265547619048,0.0373779425208218,0.175257,0.84841,0.673153,0.0001279238095238095,2,812.0,392.0
393,0.7727362047619049,0.037262170042256966,0.175257,0.84841,0.673153,0.00010965000000000002,2,813.0,393.0
394,0.7727209761904763,0.03728900115448834,0.175257,0.84841,0.673153,-6.0904761904760696e-06,2,814.0,394.0
395,0.7726600595238097,0.03741794984952669,0.175257,0.84841,0.673153,-7.005476190476185e-05,2,815.0,395.0
396,0.7726935642857145,0.03736831981802309,0.175257,0.84841,0.673153,5.787142857142869e-05,2,816.0,396.0
397,0.7727544809523809,0.03727052105909312,0.175257,0.84841,0.673153,6.091666666666659e-05,2,817.0,397.0
398,0.7728275809523809,0.03715772453866175,0.175257,0.84841,0.673153,5.1778571428571336e-05,2,818.0,398.0
399,0.7728763142857142,0.03708729972910487,0.175257,0.84841,0.673153,5.4826190476190525e-05,2,819.0,399.0
400,0.7729280928571428,0.037009571705663054,0.175257,0.84841,0.673153,5.4823809523809504e-05,2,820.0,400.0
401,0.7729950999999998,0.0369121160727877,0.175257,0.84841,0.673153,4.264047619047608e-05,2,821.0,401.0
402,0.7730346952380953,0.03685916027946269,0.175257,0.84841,0.673153,1.2183333333333424e-05,2,822.0,402.0
403,0.7729920547619048,0.03692283247085481,0.175257,0.84841,0.673153,-3.0457142857142653e-05,2,823.0,403.0
404,0.7729402761904761,0.03700978162902992,0.175257,0.84841,0.673153,-7.005476190476185e-05,2,824.0,404.0
405,0.7728824047619047,0.037096658290496756,0.175257,0.84841,0.673153,-6.0904761904760696e-06,2,825.0,405.0
406,0.7728671761904764,0.037124718717131036,0.175257,0.84841,0.673153,-2.132142857142842e-05,2,826.0,406.0
407,0.7728458547619047,0.03716322579206174,0.175257,0.84841,0.673153,-3.0459523809523674e-05,2,827.0,407.0
408,0.7728153952380952,0.03721657565938131,0.175257,0.84841,0.673153,-9.442142857142844e-05,2,828.0,408.0
409,0.7727209738095239,0.037347369984368564,0.175257,0.84841,0.673153,-0.00016752142857142844,2,829.0,409.0
410,0.7725473619047619,0.037520998046458705,0.175257,0.84841,0.673153,-0.00020711666666666661,2,830.0,410.0
411,0.7723432904761905,0.03768149992037149,0.175257,0.84841,0.673153,-0.00021930000000000005,2,831.0,411.0
412,0.7721361738095238,0.037811056526413006,0.175257,0.84841,0.673153,-0.00019797857142857137,2,832.0,412.0
413,0.7719381952380954,0.03794344045079247,0.175257,0.84841,0.673153,-0.00019188809523809503,2,833.0,413.0
414,0.7717615357142856,0.03805140239172921,0.175257,0.84841,0.673153,-0.00016752142857142844,2,834.0,414.0
415,0.7715848761904762,0.03817600550138547,0.175257,0.84841,0.673153,-0.00017056666666666662,2,835.0,415.0
416,0.7714356309523809,0.03826785093869506,0.175257,0.84841,0.673153,-0.0001401095238095237,2,836.0,416.0
417,0.7713016142857143,0.038351875325275946,0.175257,0.84841,0.673153,-0.0001340166666666666,2,837.0,417.0
418,0.7712406976190476,0.03836548621546509,0.175257,0.84841,0.673153,-5.7869047619047666e-05,2,838.0,418.0
419,0.7712376523809523,0.038365300929332075,0.175257,0.84841,0.673153,9.138095238095257e-06,2,839.0,419.0
420,0.7712376523809524,0.038365300929332075,0.175257,0.84841,0.673153,-1.8276190476190514e-05,2,840.0,420.0
421,0.7712285142857143,0.038364438704504726,0.175257,0.84841,0.673153,-3.045238095238167e-06,2,841.0,421.0
422,0.7711584619047619,0.038385781094926234,0.175257,0.84841,0.673153,-9.441904761904768e-05,2,842.0,422.0
423,0.7710609952380952,0.03840388270679307,0.175257,0.84841,0.673153,-0.00012792619047619026,2,843.0,423.0
424,0.7709361166666666,0.03840382760950005,0.175257,0.84841,0.673153,-0.00012183333333333345,2,844.0,424.0
425,0.7708325571428573,0.03839484915936699,0.175257,0.84841,0.673153,-0.00011878809523809528,2,845.0,425.0
426,0.770704630952381,0.0383791065475114,0.175257,0.84841,0.673153,-0.00014010952380952396,2,846.0,426.0
427,0.7705645214285713,0.03835202206101509,0.175257,0.84841,0.673153,-0.00014620238095238106,2,847.0,427.0
428,0.7704122285714285,0.0383219777195571,0.175257,0.84841,0.673153,-0.0001401095238095237,2,848.0,428.0
429,0.7702660261904762,0.038307193728267644,0.175257,0.84841,0.673153,-0.00013401904761904763,2,849.0,429.0
430,0.7701259166666666,0.038306535263583914,0.175257,0.84841,0.673153,-0.00014010952380952396,2,850.0,430.0
431,0.7699766690476192,0.038312746347999964,0.175257,0.84841,0.673153,-0.00018884285714285714,2,851.0,431.0
432,0.7697908714285714,0.03827622322268739,0.175257,0.84841,0.673153,-0.0002132095238095237,2,852.0,432.0
433,0.7695715714285714,0.03820621588840701,0.175257,0.84841,0.673153,-0.00019188809523809503,2,853.0,433.0
434,0.7693857738095238,0.03816761888868849,0.175257,0.84841,0.673153,-0.00017056904761904765,2,854.0,434.0
435,0.769233480952381,0.038132721934269316,0.175257,0.84841,0.673153,-0.00014620000000000003,2,855.0,435.0
436,0.7690994642857143,0.03809698392231721,0.175257,0.84841,0.673153,-0.00012487857142857135,2,856.0,436.0
437,0.7689745857142858,0.038069523230904366,0.175257,0.84841,0.673153,-0.00010051190476190477,2,857.0,437.0
438,0.7688832119047619,0.03805683710902932,0.175257,0.84841,0.673153,-7.614523809523818e-05,2,858.0,438.0
439,0.7688131571428571,0.03805049262654723,0.175257,0.84841,0.673153,-6.396190476190475e-05,2,859.0,439.0
440,0.7687431047619049,0.038048729112916145,0.175257,0.84841,0.673153,-6.700714285714292e-05,2,860.0,440.0
441,0.7686760976190476,0.03804804774414149,0.175257,0.84841,0.673153,-7.310000000000002e-05,2,861.0,441.0
442,0.7685969047619048,0.03804709029479723,0.175257,0.84841,0.673153,-7.919285714285711e-05,2,862.0,442.0
443,0.7685085738095238,0.03805028294628269,0.175257,0.84841,0.673153,-9.44214285714287e-05,2,863.0,443.0
444,0.7684141523809522,0.03805029501400706,0.175257,0.84841,0.673153,-8.528333333333345e-05,2,864.0,444.0
445,0.7683227785714285,0.03805776253852904,0.175257,0.84841,0.673153,-9.442142857142844e-05,2,865.0,445.0
446,0.7682222642857144,0.03806741062421417,0.175257,0.84841,0.673153,-9.137619047619027e-05,2,866.0,446.0
447,0.7681247976190477,0.03808469567949201,0.175257,0.84841,0.673153,-0.00010660476190476185,2,867.0,447.0
448,0.7680029642857144,0.03811002943222315,0.175257,0.84841,0.673153,-0.00011878571428571426,2,868.0,448.0
449,0.767890269047619,0.03813121300296665,0.175257,0.84841,0.673153,-0.00010051190476190477,2,869.0,449.0
450,0.7677836666666668,0.038161655418736916,0.175257,0.84841,0.673153,-0.00011269523809523793,2,870.0,450.0
451,0.7676709714285714,0.038189712322750244,0.175257,0.84841,0.673153,-0.00010355714285714293,2,871.0,451.0
452,0.7675735047619048,0.038215325583337026,0.175257,0.84841,0.673153,-9.746666666666686e-05,2,872.0,452.0
453,0.7674821309523809,0.03823603896387722,0.175257,0.84841,0.673153,-8.223571428571425e-05,2,873.0,453.0
454,0.7674090309523809,0.038252445610475354,0.175257,0.84841,0.673153,-7.310000000000002e-05,2,874.0,454.0
455,0.7673511619047619,0.038260492353607435,0.175257,0.84841,0.673153,-5.1778571428571336e-05,2,875.0,455.0
456,0.7672963357142857,0.03827078292670546,0.175257,0.84841,0.673153,-4.568809523809526e-05,2,876.0,456.0
457,0.7673176571428572,0.0382735614651329,0.175257,0.84841,0.673153,2.1321428571428683e-05,2,877.0,457.0
458,0.7673450690476191,0.03827803188448949,0.175257,0.84841,0.673153,3.350238095238082e-05,2,878.0,458.0
459,0.7673998928571428,0.038291492003234326,0.175257,0.84841,0.673153,4.568809523809526e-05,2,879.0,459.0
460,0.7674547190476191,0.038310361768028975,0.175257,0.84841,0.673153,5.4826190476190525e-05,2,880.0,460.0
461,0.7674973619047618,0.038322130835507916,0.175257,0.84841,0.673153,-5.17785714285716e-05,2,881.0,461.0
462,0.7674455833333335,0.03828102327966552,0.175257,0.84841,0.673153,-8.832857142857134e-05,2,882.0,462.0
463,0.7673481166666666,0.038188643927634124,0.175257,0.84841,0.673153,-9.74666666666666e-05,2,883.0,463.0
464,0.7672841547619047,0.03811595830760393,0.175257,0.84841,0.673153,-2.1321428571428683e-05,2,884.0,464.0
465,0.7672536952380952,0.038089954147761174,0.175257,0.84841,0.673153,-3.350476190476184e-05,2,885.0,465.0
466,0.7672354214285715,0.03807249096339918,0.175257,0.84841,0.673153,-8.528333333333317e-05,2,886.0,466.0
467,0.7671988714285715,0.03801414927118639,0.175257,0.84841,0.673153,-3.350238095238108e-05,2,887.0,467.0
468,0.7671501380952382,0.03794109667202791,0.175257,0.84841,0.673153,-3.655000000000001e-05,2,888.0,468.0
469,0.7670648547619048,0.037841605239916386,0.175257,0.84841,0.673153,-3.959761904761893e-05,2,889.0,469.0
470,0.7670100285714286,0.037795965452414836,0.175257,0.84841,0.673153,-7.919285714285711e-05,2,890.0,470.0
471,0.766943019047619,0.037726369844606276,0.175257,0.84841,0.673153,-6.396190476190475e-05,2,891.0,471.0
472,0.7668821023809526,0.03766288799400601,0.175257,0.84841,0.673153,-6.396428571428552e-05,2,892.0,472.0
473,0.7668211833333333,0.03759712464312496,0.175257,0.84841,0.673153,-3.655238095238103e-05,2,893.0,473.0
474,0.7667968166666667,0.03757241940968589,0.175257,0.84841,0.673153,-3.350238095238082e-05,2,894.0,474.0
475,0.7667572214285715,0.037531531457163016,0.175257,0.84841,0.673153,-2.7411904761905016e-05,2,895.0,475.0
476,0.7667328547619048,0.03750757302167823,0.175257,0.84841,0.673153,-3.655000000000001e-05,2,896.0,476.0
477,0.7667023976190476,0.037474463152627195,0.175257,0.84841,0.673153,-3.35047619047621e-05,2,897.0,477.0
478,0.7666688928571429,0.03743740501494202,0.175257,0.84841,0.673153,-2.4366666666666848e-05,2,898.0,478.0
479,0.7666536642857144,0.03742053931725782,0.175257,0.84841,0.673153,0.0,2,899.0,479.0
480,0.7666658476190477,0.03743382537301969,0.175257,0.84841,0.673153,4.873571428571419e-05,2,900.0,480.0
481,0.7667145833333333,0.03747690480613117,0.175257,0.84841,0.673153,3.655238095238103e-05,2,901.0,481.0
482,0.7668059595238096,0.037591592263566946,0.175257,0.84841,0.673153,0.00010660476190476185,2,902.0,482.0
483,0.766927792857143,0.03774362069822997,0.175257,0.84841,0.673153,0.00011574047619047609,2,903.0,483.0
484,0.7670343976190477,0.037874025711328536,0.175257,0.84841,0.673153,0.00010051428571428553,2,904.0,484.0
485,0.7671227285714286,0.037978535544281204,0.175257,0.84841,0.673153,7.614761904761921e-05,2,905.0,485.0
486,0.7671684166666667,0.03802778793493,0.175257,0.84841,0.673153,3.350476190476184e-05,2,906.0,486.0
487,0.7671806,0.03804028709610754,0.175257,0.84841,0.673153,9.1357142857145e-06,2,907.0,487.0
488,0.7671531857142857,0.0380172245281353,0.175257,0.84841,0.673153,-3.959761904761893e-05,2,908.0,488.0
489,0.7671349095238097,0.037998446751606456,0.175257,0.84841,0.673153,9.138095238095257e-06,2,909.0,489.0
490,0.7671044523809523,0.03797840039041138,0.175257,0.84841,0.673153,-3.9595238095238176e-05,2,910.0,490.0
491,0.7670587642857144,0.03794749364801142,0.175257,0.84841,0.673153,-4.26428571428571e-05,2,911.0,491.0
492,0.7670161214285716,0.037919293697360495,0.175257,0.84841,0.673153,-5.1780952380952356e-05,2,912.0,492.0
493,0.7669704333333334,0.03788514629034436,0.175257,0.84841,0.673153,-3.35047619047621e-05,2,913.0,493.0
494,0.7669277904761906,0.03785824106904352,0.175257,0.84841,0.673153,-3.35047619047621e-05,2,914.0,494.0
495,0.7669034238095238,0.03784283692453006,0.175257,0.84841,0.673153,-3.655000000000001e-05,2,915.0,495.0
496,0.7668668738095238,0.03781721682150277,0.175257,0.84841,0.673153,-8.223809523809528e-05,2,916.0,496.0
497,0.7667907261904762,0.03774173893562076,0.175257,0.84841,0.673153,-0.00010965000000000002,2,917.0,497.0
498,0.7666810761904762,0.03761201176573281,0.175257,0.84841,0.673153,-0.00010660476190476185,2,918.0,498.0
499,0.7666140690476191,0.03751865044325725,0.175257,0.84841,0.673153,-7.310000000000002e-05,2,919.0,499.0
500,0.7665501047619048,0.037423733991672994,0.175257,0.84841,0.673153,-7.005476190476185e-05,2,920.0,500.0
501,0.7664830976190476,0.03732048050005193,0.175257,0.84841,0.673153,-6.700714285714292e-05,2,921.0,501.0
502,0.7664008595238097,0.037200271907503184,0.175257,0.84841,0.673153,-8.223809523809528e-05,2,922.0,502.0
503,0.7663155761904761,0.03707647871631471,0.175257,0.84841,0.673153,-0.00010965000000000002,2,923.0,503.0
504,0.7662211547619048,0.03691744687326487,0.17397799999999997,0.847131,0.673153,-8.528333333333317e-05,2,924.0,504.0
505,0.7661450095238095,0.03678851993314406,0.17397799999999997,0.847131,0.673153,-7.614523809523818e-05,2,925.0,505.0
506,0.7660658190476192,0.03665516964268373,0.17397799999999997,0.847131,0.673153,-8.528333333333317e-05,2,926.0,506.0
507,0.7658952523809525,0.03644361930458137,0.17269900000000005,0.845852,0.673153,-0.00014010714285714294,2,927.0,507.0
508,0.7657064119047619,0.03629365936187163,0.17269900000000005,0.845852,0.673153,-0.00017665714285714296,2,928.0,508.0
509,0.7655206166666667,0.03616755617372075,0.17269900000000005,0.845852,0.673153,-8.832857142857134e-05,2,929.0,509.0
510,0.7654383785714286,0.036154967310665004,0.17269900000000005,0.845852,0.673153,-0.00013097142857142872,2,930.0,510.0
511,0.7654201047619048,0.03613500425498899,0.17269900000000005,0.845852,0.673153,6.09285714285709e-06,2,931.0,511.0
512,0.7654627476190475,0.036184572825842296,0.17269900000000005,0.845852,0.673153,0.00014620000000000003,2,932.0,512.0
513,0.7656028547619048,0.03625773682133367,0.17269900000000005,0.845852,0.673153,0.0002467119047619048,2,933.0,513.0
514,0.7658343380952383,0.0362139384118217,0.17269900000000005,0.845852,0.673153,0.0002649880952380953,2,934.0,514.0
515,0.7661084642857143,0.036121274283422614,0.17269900000000005,0.845852,0.673153,6.700952380952395e-05,2,935.0,515.0
516,0.7661785190476191,0.036182771768805196,0.17269900000000005,0.845852,0.673153,-5.17785714285716e-05,2,936.0,516.0
517,0.766138923809524,0.036117202163879966,0.17269900000000005,0.845852,0.673153,-6.700952380952395e-05,2,937.0,517.0
518,0.766078007142857,0.0360041028834274,0.16630199999999995,0.839455,0.673153,-3.9595238095238176e-05,2,938.0,518.0
519,0.7660475476190477,0.03594954714245691,0.16630199999999995,0.839455,0.673153,1.5228571428571327e-05,2,939.0,519.0
520,0.7660445023809525,0.035945224836945525,0.16630199999999995,0.839455,0.673153,-9.138095238095257e-06,2,940.0,520.0
521,0.7660475476190476,0.03594987225283772,0.16630199999999995,0.839455,0.673153,3.0459523809523674e-05,2,941.0,521.0
522,0.7660840976190476,0.03600103924488707,0.16630199999999995,0.839455,0.673153,4.264047619047608e-05,2,942.0,522.0
523,0.7661206476190476,0.03604950314253231,0.16630199999999995,0.839455,0.673153,3.350476190476184e-05,2,943.0,523.0
524,0.7661389238095238,0.036072402114806404,0.16630199999999995,0.839455,0.673153,2.1321428571428683e-05,2,944.0,524.0
525,0.7661450142857142,0.03607937995355698,0.16630199999999995,0.839455,0.673153,6.090476190476334e-06,2,945.0,525.0
526,0.7661846095238093,0.036132397322899974,0.16630199999999995,0.839455,0.673153,5.787142857142869e-05,2,946.0,526.0
527,0.7662272523809522,0.03618106843427689,0.16630199999999995,0.839455,0.673153,4.26428571428571e-05,2,947.0,527.0
528,0.7662698952380952,0.03622962396941507,0.16630199999999995,0.839455,0.673153,-1.2183333333333424e-05,2,948.0,528.0
529,0.7662424833333332,0.03619212688104322,0.16630199999999995,0.839455,0.673153,3.0459523809523938e-05,2,949.0,529.0
530,0.7662455285714286,0.036194788622076556,0.16630199999999995,0.839455,0.673153,3.045238095238167e-06,2,950.0,530.0
531,0.7662455285714286,0.036194788622076556,0.16630199999999995,0.839455,0.673153,3.0452380952379026e-06,2,951.0,531.0
532,0.766251619047619,0.03620000315584857,0.16630199999999995,0.839455,0.673153,6.0904761904760696e-06,2,952.0,532.0
533,0.7663064428571429,0.03626233802109647,0.16630199999999995,0.839455,0.673153,6.396190476190475e-05,2,953.0,533.0
534,0.766346038095238,0.03629956590975495,0.16630199999999995,0.839455,0.673153,4.2640476190476345e-05,2,954.0,534.0
535,0.7663399452380952,0.03629566798628743,0.16630199999999995,0.839455,0.673153,0.0,2,955.0,535.0
536,0.7663277619047619,0.03628915789074611,0.16630199999999995,0.839455,0.673153,-1.2183333333333424e-05,2,956.0,536.0
537,0.7663125333333334,0.03628128161622127,0.16630199999999995,0.839455,0.673153,-6.090476190476334e-06,2,957.0,537.0
538,0.76630035,0.036276048749749004,0.16630199999999995,0.839455,0.673153,-1.8276190476190514e-05,2,958.0,538.0
539,0.7662881666666668,0.036269951459928305,0.16630199999999995,0.839455,0.673153,-1.8273809523809758e-05,2,959.0,539.0
540,0.7662820761904763,0.03626625703642836,0.16630199999999995,0.839455,0.673153,-6.090476190476334e-06,2,960.0,540.0
541,0.7663003523809524,0.036279916802545685,0.16630199999999995,0.839455,0.673153,2.7411904761904752e-05,2,961.0,541.0
542,0.7663186261904761,0.03629162821467467,0.16630199999999995,0.839455,0.673153,-7.309999999999976e-05,2,962.0,542.0
543,0.7662394357142857,0.03620162675959611,0.16630199999999995,0.839455,0.673153,-9.74666666666666e-05,2,963.0,543.0
544,0.7661389214285715,0.03607790822645081,0.16630199999999995,0.839455,0.673153,-9.746904761904762e-05,2,964.0,544.0
545,0.7660292690476191,0.035951890893068994,0.16630199999999995,0.839455,0.673153,-0.00010660476190476185,2,965.0,545.0
546,0.7659318023809525,0.0358357458377671,0.16630199999999995,0.839455,0.673153,-9.74666666666666e-05,2,966.0,546.0
547,0.7658251976190477,0.03571370293174121,0.16630199999999995,0.839455,0.673153,-0.00010660476190476185,2,967.0,547.0
548,0.7657338238095238,0.03560030124407597,0.16630199999999995,0.839455,0.673153,-9.137380952380951e-05,2,968.0,548.0
549,0.7656485404761905,0.03549084590594862,0.16630199999999995,0.839455,0.673153,-8.833095238095237e-05,2,969.0,549.0
550,0.7655602095238097,0.03537530737303991,0.16630199999999995,0.839455,0.673153,-8.2238095238095e-05,2,970.0,550.0
551,0.7654779714285715,0.035270182777945164,0.16630199999999995,0.839455,0.673153,-6.700952380952368e-05,2,971.0,551.0
552,0.7653926880952381,0.03517769104019452,0.16630199999999995,0.839455,0.673153,-8.832857142857161e-05,2,972.0,552.0
553,0.7653074047619048,0.035081639063597764,0.16630199999999995,0.839455,0.673153,-6.396190476190475e-05,2,973.0,553.0
554,0.7652129833333333,0.03500408912313243,0.16630199999999995,0.839455,0.673153,-0.00010965238095238078,2,974.0,554.0
555,0.7649632238095239,0.03498460904220059,0.16630199999999995,0.839455,0.673153,-0.00024366666666666664,2,975.0,555.0
556,0.7647226023809524,0.03496854824786593,0.16630199999999995,0.839455,0.673153,-0.00024366666666666664,2,976.0,556.0
557,0.7644972119047619,0.0349231094391031,0.16630199999999995,0.839455,0.673153,-0.00019797857142857137,2,977.0,557.0
558,0.764308369047619,0.03490464259568992,0.16630199999999995,0.839455,0.673153,-0.0001979809523809524,2,978.0,558.0
559,0.7641378023809523,0.03484952698827036,0.16630199999999995,0.839455,0.673153,-0.00016142857142857137,2,979.0,559.0
560,0.7639976928571428,0.03479326310712143,0.16630199999999995,0.839455,0.673153,-0.00014620238095238106,2,980.0,560.0
561,0.7638606285714286,0.03472496447480294,0.16630199999999995,0.839455,0.673153,-0.00014010952380952396,2,981.0,561.0
562,0.7637296571428571,0.03464940017946536,0.16630199999999995,0.839455,0.673153,-0.00012183333333333345,2,982.0,562.0
563,0.7636169619047618,0.03458385122166642,0.16630199999999995,0.839455,0.673153,-0.00011574047619047636,2,983.0,563.0
564,0.7635012214285715,0.03451387397363031,0.16630199999999995,0.839455,0.673153,-0.00011269523809523819,2,984.0,564.0
565,0.7633915714285714,0.03444708920437867,0.16630199999999995,0.839455,0.673153,-0.00010965000000000002,2,985.0,565.0
566,0.763288011904762,0.034379721362237596,0.16630199999999995,0.839455,0.673153,-9.746904761904762e-05,2,986.0,566.0
567,0.7631905428571428,0.03431954181547815,0.16630199999999995,0.839455,0.673153,-6.092857142857354e-06,2,987.0,567.0
568,0.7631814047619049,0.03431916024853666,0.16630199999999995,0.839455,0.673153,3.655000000000001e-05,2,988.0,568.0
569,0.7632149095238094,0.03431055515000213,0.16630199999999995,0.839455,0.673153,4.873333333333343e-05,2,989.0,569.0
570,0.7632636428571429,0.0342934323087571,0.16630199999999995,0.839455,0.673153,5.1778571428571336e-05,2,990.0,570.0
571,0.7633184666666666,0.03427407648252307,0.16630199999999995,0.839455,0.673153,3.655000000000001e-05,2,991.0,571.0
572,0.763358061904762,0.03426520961684962,0.16630199999999995,0.839455,0.673153,-1.8276190476190514e-05,2,992.0,572.0
573,0.7633732904761905,0.03427031457615989,0.16630199999999995,0.839455,0.673153,5.787142857142869e-05,2,993.0,573.0
574,0.7635773619047619,0.03446699958162156,0.16630199999999995,0.839455,0.673153,0.00020407142857142846,2,994.0,574.0
575,0.7638453976190476,0.03482535698680726,0.19316699999999998,0.86632,0.673153,0.00026194285714285716,2,995.0,575.0
576,0.7641195238095239,0.03521585900667488,0.19828400000000002,0.871437,0.673153,0.00024062142857142872,2,996.0,576.0
577,0.7643814642857144,0.03566767644462207,0.20723800000000003,0.880391,0.673153,0.00015229047619047637,2,997.0,577.0
578,0.7645154809523811,0.03596747215328394,0.20723800000000003,0.880391,0.673153,0.00014620000000000003,2,998.0,578.0
579,0.764661680952381,0.0362808247649744,0.20723800000000003,0.880391,0.673153,0.0002436666666666669,2,999.0,579.0
580,0.7649266690476191,0.036725309121036796,0.20851799999999998,0.881671,0.673153,0.00018884285714285714,2,1000.0,580.0
581,0.7651429238095238,0.03720930407558616,0.22003099999999998,0.893184,0.673153,0.00014620000000000003,2,1001.0,581.0
582,0.7653165357142857,0.037686859877228654,0.23154399999999997,0.904697,0.673153,0.00015533809523809528,2,1002.0,582.0
583,0.76549015,0.038192562954235135,0.23922,0.912373,0.673153,0.00020711666666666661,2,1003.0,583.0
584,0.7657094500000001,0.03879551599003697,0.24433700000000003,0.91749,0.673153,0.00021930000000000005,2,1004.0,584.0
585,0.765947023809524,0.03946004551766984,0.252012,0.925165,0.673153,0.0002162547619047619,2,1005.0,585.0
586,0.7661663238095238,0.04009042563659955,0.25329100000000004,0.926444,0.673153,0.0002588952380952382,2,1006.0,586.0
587,0.76644045,0.040828738652243644,0.25968800000000003,0.932841,0.673153,0.00038682142857142875,2,1007.0,587.0
588,0.7668425,0.041687880691343784,0.266084,0.939237,0.673153,0.0003624547619047619,2,1008.0,588.0
589,0.7671988619047619,0.04249071437704249,0.266084,0.939237,0.673153,0.0003015357142857143,2,1009.0,589.0
590,0.7674973523809524,0.043224569787328554,0.266084,0.939237,0.673153,0.0002467119047619048,2,1010.0,590.0
591,0.7677227428571429,0.043802127683324456,0.266084,0.939237,0.673153,0.0002588952380952382,2,1011.0,591.0
592,0.7679846857142858,0.044424793111947296,0.266084,0.939237,0.673153,0.0002467142857142858,2,1012.0,592.0
593,0.7682222619047621,0.044987518867252566,0.266084,0.939237,0.673153,0.00024366666666666664,2,1013.0,593.0
594,0.7684598357142857,0.04552869877340226,0.266084,0.939237,0.673153,0.00027412380952380956,2,1014.0,594.0
595,0.7687248238095238,0.0460682404915061,0.266084,0.939237,0.673153,0.000331997619047619,2,1015.0,595.0
596,0.7690476833333333,0.046604513811506126,0.266084,0.939237,0.673153,0.00035940952380952374,2,1016.0,596.0
597,0.7694040476190476,0.04712396045075582,0.266084,0.939237,0.673153,0.00036550238095238083,2,1017.0,597.0
598,0.769760411904762,0.047606356153947815,0.266084,0.939237,0.673153,0.000368547619047619,2,1018.0,598.0
599,0.7701259142857144,0.04806904251076962,0.266084,0.939237,0.673153,0.0003746380952380951,2,1019.0,599.0
600,0.7704944595238096,0.048504034255933214,0.266084,0.939237,0.673153,0.0003746380952380951,2,1020.0,600.0
601,0.7708721428571429,0.04893798279361506,0.266084,0.939237,0.673153,0.0003807285714285714,2,1021.0,601.0
602,0.771219369047619,0.049276966406314446,0.266084,0.939237,0.673153,0.00035331904761904743,2,1022.0,602.0
603,0.7715940071428571,0.04966151828440058,0.266084,0.939237,0.673153,0.0003868214285714285,2,1023.0,603.0
604,0.7719777833333333,0.050024950961049794,0.266084,0.939237,0.673153,0.0003715928571428572,2,1024.0,604.0
605,0.7723463309523809,0.05038278125333518,0.266084,0.939237,0.673153,0.0003715928571428572,2,1025.0,605.0
606,0.7727209690476191,0.05074119526532464,0.266084,0.939237,0.673153,0.000286309523809524,2,1026.0,606.0
607,0.773001188095238,0.05110062491897588,0.266084,0.939237,0.673153,0.0002771714285714285,2,1027.0,607.0
608,0.7732814047619048,0.05146298239768794,0.266084,0.939237,0.673153,0.0002649880952380953,2,1028.0,608.0
609,0.7735433476190476,0.05181098308230941,0.266084,0.939237,0.673153,0.000258897619047619,2,1029.0,609.0
610,0.7738022452380954,0.0521545381322191,0.266084,0.939237,0.673153,0.0002497595238095237,2,1030.0,610.0
611,0.7740520047619048,0.05249175705026254,0.266084,0.939237,0.673153,0.00027412619047619056,2,1031.0,611.0
612,0.7743230833333334,0.052824455190485654,0.266084,0.939237,0.673153,0.00023452857142857163,2,1032.0,612.0
613,0.7745484761904761,0.05312287358287213,0.266084,0.939237,0.673153,0.00022539285714285714,2,1033.0,613.0
614,0.7747830047619048,0.053439029264377776,0.266084,0.939237,0.673153,0.00024062142857142872,2,1034.0,614.0
615,0.7750327642857142,0.05377551878706749,0.266084,0.939237,0.673153,0.0002832619047619048,2,1035.0,615.0
616,0.7753038428571428,0.05408899873356056,0.266084,0.939237,0.673153,0.00032285952380952374,2,1036.0,616.0
617,0.7756267023809524,0.054393738692098376,0.266084,0.939237,0.673153,0.0003807285714285714,2,1037.0,617.0
618,0.7759891571428571,0.054625566064924226,0.266084,0.939237,0.673153,0.0003898690476190477,2,1038.0,618.0
619,0.7763912095238096,0.05485533642104133,0.266084,0.939237,0.673153,0.0003929142857142856,2,1039.0,619.0
620,0.7767902142857143,0.05510267803246335,0.266084,0.939237,0.673153,0.0004020500000000001,2,1040.0,620.0
621,0.7771953095238096,0.05534972198935992,0.266084,0.939237,0.673153,0.00040509523809523825,2,1041.0,621.0
622,0.7776034523809523,0.05559922760940136,0.266084,0.939237,0.673153,0.0004081428571428572,2,1042.0,622.0
623,0.7780055023809525,0.055831789007249215,0.266084,0.939237,0.673153,0.00041118809523809534,2,1043.0,623.0
624,0.7784075523809525,0.05603297058458502,0.266084,0.939237,0.673153,0.0003807285714285714,2,1044.0,624.0
625,0.7787974190476191,0.05626895920551595,0.266084,0.939237,0.673153,0.0003624547619047619,2,1045.0,625.0
626,0.7791537833333333,0.05650969534002199,0.266084,0.939237,0.673153,0.0003502714285714285,2,1046.0,626.0
627,0.7795010071428572,0.05674503491070047,0.266084,0.939237,0.673153,0.00034722380952380955,2,1047.0,627.0
628,0.7798360476190476,0.05695414041964455,0.266084,0.939237,0.673153,0.00035331666666666664,2,1048.0,628.0
629,0.7801985023809523,0.05716511780849855,0.266084,0.939237,0.673153,0.0004203261904761903,2,1049.0,629.0
630,0.7805975071428571,0.05727809389779162,0.266084,0.939237,0.673153,0.00039291190476190485,2,1050.0,630.0
631,0.7809843285714285,0.0573847628806068,0.266084,0.939237,0.673153,0.00038377619047619033,2,1051.0,631.0
632,0.7813681047619048,0.057492093421687755,0.266084,0.939237,0.673153,0.0003898666666666667,2,1052.0,632.0
633,0.7817518785714285,0.05757961608492745,0.266084,0.939237,0.673153,0.0003837738095238096,2,1053.0,633.0
634,0.782132607142857,0.05765956672566055,0.266084,0.939237,0.673153,0.0003868214285714285,2,1054.0,634.0
635,0.7825072452380951,0.057710770084797296,0.266084,0.939237,0.673153,0.0003715928571428572,2,1055.0,635.0
636,0.7828818833333333,0.057767793357653696,0.266084,0.939237,0.673153,0.0003746380952380951,2,1056.0,636.0
637,0.7832565214285714,0.05782233312172743,0.266084,0.939237,0.673153,0.00037159047619047614,2,1057.0,637.0
638,0.7836250666666666,0.057873572635533034,0.266084,0.939237,0.673153,0.00035331666666666664,2,1058.0,638.0
639,0.7839814285714286,0.05794445086420634,0.266084,0.939237,0.673153,0.0003502714285714285,2,1059.0,639.0
640,0.7843347476190476,0.05802416361538419,0.266084,0.939237,0.673153,0.00034113571428571424,2,1060.0,640.0
641,0.7846880666666667,0.05813272691874897,0.266084,0.939237,0.673153,0.00035027142857142876,2,1061.0,641.0
642,0.7850413833333333,0.058246705494394056,0.266084,0.939237,0.673153,0.00034722619047619033,2,1062.0,642.0
643,0.7853916547619049,0.05836888450627612,0.266084,0.939237,0.673153,0.0003502714285714285,2,1063.0,643.0
644,0.7857480190476192,0.058498569311195805,0.266084,0.939237,0.673153,0.00034722619047619033,2,1064.0,644.0
645,0.7860921976190477,0.058628999574739084,0.266084,0.939237,0.673153,0.0003655000000000001,2,1065.0,645.0
646,0.786469880952381,0.05875714046459633,0.266084,0.939237,0.673153,0.00037159047619047614,2,1066.0,646.0
647,0.7868780214285714,0.058954606297371814,0.266084,0.939237,0.673153,0.0004020499999999998,2,1067.0,647.0
648,0.7871765142857143,0.05899334768362636,0.266084,0.939237,0.673153,0.0002832642857142858,2,1068.0,648.0
649,0.7874689166666666,0.05905515192698471,0.266084,0.939237,0.673153,0.00029544761904761927,2,1069.0,649.0
650,0.7877735,0.05912451347334304,0.266084,0.939237,0.673153,0.00031067380952380956,2,1070.0,650.0
651,0.7880719904761905,0.05917153299586603,0.266084,0.939237,0.673153,0.0003137214285714285,2,1071.0,651.0
652,0.7883918047619047,0.05920983625639832,0.266084,0.939237,0.673153,0.0003198142857142856,2,1072.0,652.0
653,0.7886963904761904,0.059228243892467586,0.266084,0.939237,0.673153,0.00029849285714285715,2,1073.0,653.0
654,0.7889887904761905,0.05924443651580415,0.266084,0.939237,0.673153,0.0002954452380952382,2,1074.0,654.0
655,0.7892750976190476,0.0592465268669215,0.266084,0.939237,0.673153,0.00028630714285714297,2,1075.0,655.0
656,0.7895553142857142,0.05924118348683011,0.266084,0.939237,0.673153,0.00028021666666666666,2,1076.0,656.0
657,0.7898324857142858,0.05923160121238602,0.266084,0.939237,0.673153,0.0002893547619047619,2,1077.0,657.0
658,0.7901279309523809,0.05921357341307171,0.266084,0.939237,0.673153,0.0003015380952380953,2,1078.0,658.0
659,0.790429469047619,0.05918712939218405,0.266084,0.939237,0.673153,0.00018884285714285714,2,1079.0,659.0
660,0.7906213571428571,0.05924826600352816,0.266084,0.939237,0.673153,0.0001492452380952382,2,1080.0,660.0
661,0.7907858333333333,0.05933382430709785,0.266084,0.939237,0.673153,0.0001675214285714287,2,1081.0,661.0
662,0.7909411714285715,0.05940573613652972,0.266084,0.939237,0.673153,0.00014620238095238079,2,1082.0,662.0
663,0.7910721428571428,0.059463165645061086,0.266084,0.939237,0.673153,0.00012487857142857135,2,1083.0,663.0
664,0.7912853523809524,0.05962686644601631,0.266084,0.939237,0.673153,0.0002162547619047619,2,1084.0,664.0
665,0.7916082095238096,0.0599896108211279,0.266084,0.939237,0.673153,0.00033808809523809536,2,1085.0,665.0
666,0.7919371619047619,0.06032728954550436,0.266084,0.939237,0.673153,0.00032895238095238084,2,1086.0,666.0
667,0.7922143333333332,0.060559218971998084,0.266084,0.939237,0.673153,0.00027412380952380956,2,1087.0,667.0
668,0.7924640904761905,0.060747964023193754,0.266084,0.939237,0.673153,0.00024975714285714297,2,1088.0,668.0
669,0.7927382142857143,0.060976280779705724,0.266084,0.939237,0.673153,0.0002710785714285714,2,1089.0,669.0
670,0.7930976238095238,0.06138493955478163,0.266084,0.939237,0.673153,0.00034113571428571424,2,1090.0,670.0
671,0.7934174380952381,0.061741229256496916,0.266084,0.939237,0.673153,0.0003015380952380953,2,1091.0,671.0
672,0.7936946095238095,0.06204131066259998,0.266084,0.939237,0.673153,0.00035331666666666664,2,1092.0,672.0
673,0.7940540166666666,0.06234168888642356,0.266084,0.939237,0.673153,0.00037159047619047614,2,1093.0,673.0
674,0.7943921047619048,0.06256923253674,0.266084,0.939237,0.673153,0.00035331904761904743,2,1094.0,674.0
675,0.794739330952381,0.06277540967488777,0.266084,0.939237,0.673153,0.0003868214285714285,2,1095.0,675.0
676,0.7951078785714287,0.0629202734803718,0.266084,0.939237,0.673153,0.00038377619047619033,2,1096.0,676.0
677,0.7955007904761905,0.06306400465338977,0.266084,0.939237,0.673153,0.00039900476190476194,2,1097.0,677.0
678,0.7958937047619047,0.06318906041391806,0.266084,0.939237,0.673153,0.00040509761904761903,2,1098.0,678.0
679,0.7962744357142856,0.06326149941705055,0.266084,0.939237,0.673153,0.0003655000000000001,2,1099.0,679.0
680,0.7965881571428572,0.06328136850409839,0.266084,0.939237,0.673153,0.00031676904761904765,2,1100.0,680.0
681,0.7968957880952381,0.06328689814657232,0.266084,0.939237,0.673153,0.0002893547619047619,2,1101.0,681.0
682,0.7971881880952382,0.06331144995951779,0.266084,0.939237,0.673153,0.00029544523809523794,2,1102.0,682.0
683,0.7974775428571428,0.0633256421700793,0.266084,0.939237,0.673153,0.00029544761904761927,2,1103.0,683.0
684,0.7978339071428571,0.06340604043422156,0.266084,0.939237,0.673153,0.0003655023809523811,2,1104.0,684.0
685,0.7982085452380951,0.06348829192378964,0.266084,0.939237,0.673153,0.00032895000000000005,2,1105.0,685.0
686,0.79853445,0.06360386320552036,0.266084,0.939237,0.673153,0.0003198119047619048,2,1106.0,686.0
687,0.7989121333333333,0.06381499789131029,0.266084,0.939237,0.673153,0.0004264166666666667,2,1107.0,687.0
688,0.7993050452380953,0.06392548225335608,0.266084,0.939237,0.673153,0.0003807285714285714,2,1108.0,688.0
689,0.7996857738095238,0.0640452701195749,0.266084,0.939237,0.673153,0.0003898666666666667,2,1109.0,689.0
690,0.8000847785714287,0.06416814403039665,0.266084,0.939237,0.673153,0.00041728095238095244,2,1110.0,690.0
691,0.8005203333333333,0.06429917557794325,0.266084,0.939237,0.673153,0.0004568738095238096,2,1111.0,691.0
692,0.800977207142857,0.06440141778358348,0.266084,0.939237,0.673153,0.00044773809523809534,2,1112.0,692.0
693,0.8014097166666667,0.06448649517105044,0.266084,0.939237,0.673153,0.0004507833333333333,2,1113.0,693.0
694,0.8018848666666666,0.0645859056453115,0.266084,0.939237,0.673153,0.00047210476190476193,2,1114.0,694.0
695,0.8023234666666665,0.06463104180364942,0.266084,0.939237,0.673153,0.0004325071428571427,2,1115.0,695.0
696,0.8027133333333334,0.06462235245433073,0.266084,0.939237,0.673153,0.0003837761904761906,2,1116.0,696.0
697,0.8030148714285715,0.06453934838182158,0.266084,0.939237,0.673153,0.0002528047619047619,2,1117.0,697.0
698,0.8032189428571428,0.0644823131698517,0.266084,0.939237,0.673153,0.0002010261904761903,2,1118.0,698.0
699,0.803429107142857,0.06443119259892272,0.266084,0.939237,0.673153,0.0002528047619047619,2,1119.0,699.0
700,0.8036727738095237,0.06432983996089277,0.266084,0.939237,0.673153,0.00026194285714285716,2,1120.0,700.0
701,0.8039286261904761,0.06420186291400985,0.266084,0.939237,0.673153,0.000258897619047619,2,1121.0,701.0
702,0.8041875238095239,0.06406847831531438,0.266084,0.939237,0.673153,0.0001949357142857142,2,1122.0,702.0
703,0.8043855047619048,0.06400912151711531,0.266084,0.939237,0.673153,0.0001705666666666669,2,1123.0,703.0
704,0.8045499785714286,0.06397081562345827,0.266084,0.939237,0.673153,0.00016142857142857137,2,1124.0,704.0
705,0.804726638095238,0.06393977968706907,0.266084,0.939237,0.673153,0.00017665952380952398,2,1125.0,705.0
706,0.8049215714285715,0.06391665382971605,0.266084,0.939237,0.673153,0.00019493333333333345,2,1126.0,706.0
707,0.8051134595238095,0.06389137959578838,0.266084,0.939237,0.673153,0.0001918880952380953,2,1127.0,707.0
708,0.805290119047619,0.06385874625296141,0.266084,0.939237,0.673153,0.00016143095238095237,2,1128.0,708.0
709,0.8054485023809523,0.06383540612695161,0.266084,0.939237,0.673153,0.00017970476190476187,2,1129.0,709.0
710,0.805625161904762,0.06379473051337224,0.266084,0.939237,0.673153,0.00014924523809523794,2,1130.0,710.0
711,0.8057622238095237,0.0637696921338059,0.266084,0.939237,0.673153,0.0001340166666666666,2,1131.0,711.0
712,0.805884057142857,0.06374351235441679,0.266084,0.939237,0.673153,0.00010965000000000002,2,1132.0,712.0
713,0.8059906619047619,0.06372361542896066,0.266084,0.939237,0.673153,9.137619047619027e-05,2,1133.0,713.0
714,0.8061673214285715,0.0637487564326068,0.266084,0.939237,0.673153,0.00018275000000000005,2,1134.0,714.0
715,0.8063531166666668,0.06377279582028993,0.266084,0.939237,0.673153,0.0001918880952380953,2,1135.0,715.0
716,0.8065815547619049,0.06382449505221965,0.266084,0.939237,0.673153,0.00021930000000000005,2,1136.0,716.0
717,0.8068374047619048,0.06391979375535127,0.266084,0.939237,0.673153,0.0002710785714285716,2,1137.0,717.0
718,0.8070993452380953,0.06399521362531621,0.266084,0.939237,0.673153,0.0002588952380952382,2,1138.0,718.0
719,0.8073551952380952,0.06406776029891341,0.266084,0.939237,0.673153,0.0002588952380952382,2,1139.0,719.0
720,0.807608,0.06413079814087545,0.266084,0.939237,0.673153,0.00024975952380952397,2,1140.0,720.0
721,0.8078577595238094,0.06419452629574447,0.266084,0.939237,0.673153,0.00021625476190476216,2,1141.0,721.0
722,0.8080496476190476,0.06424851721223662,0.266084,0.939237,0.673153,0.00016447619047619055,2,1142.0,722.0
723,0.8082293523809524,0.06432354138630605,0.266084,0.939237,0.673153,0.00022539285714285714,2,1143.0,723.0
724,0.8084699738095239,0.0643991801459702,0.266084,0.939237,0.673153,0.0002649880952380953,2,1144.0,724.0
725,0.8087288714285715,0.06445377575941827,0.266084,0.939237,0.673153,0.00025585238095238107,2,1145.0,725.0
726,0.8089664476190477,0.06449113847199414,0.266084,0.939237,0.673153,0.00023757619047619057,2,1146.0,726.0
727,0.8092040238095237,0.06452760485474344,0.266084,0.939237,0.673153,0.0002528047619047619,2,1147.0,727.0
728,0.8094476904761905,0.06454476199178075,0.266084,0.939237,0.673153,0.00022234523809523823,2,1148.0,728.0
729,0.8097065857142858,0.06461069424826399,0.266084,0.939237,0.673153,0.00019493333333333345,2,1149.0,729.0
730,0.8099533,0.0647651542355367,0.266084,0.939237,0.673153,0.00024975952380952397,2,1150.0,730.0
731,0.8101786928571427,0.06488513113196895,0.266084,0.939237,0.673153,0.0002375761904761903,2,1151.0,731.0
732,0.8103644880952382,0.06494485925956801,0.266084,0.939237,0.673153,0.00018884047619047612,2,1152.0,732.0
733,0.8105137333333333,0.06497184720766763,0.266084,0.939237,0.673153,0.00011878809523809528,2,1153.0,733.0
734,0.8107543547619048,0.06513286891468452,0.266084,0.939237,0.673153,0.00025585000000000007,2,1154.0,734.0
735,0.8109888833333333,0.06526100013114526,0.266084,0.939237,0.673153,0.00023757380952380954,2,1155.0,735.0
736,0.8112386404761905,0.06540357896819801,0.266084,0.939237,0.673153,0.0002314833333333332,2,1156.0,736.0
737,0.8113787499999999,0.06545015654324379,0.266084,0.939237,0.673153,0.00016447619047619028,2,1157.0,737.0
738,0.8114914476190476,0.06545985589151364,0.266084,0.939237,0.673153,0.00012488095238095238,2,1158.0,738.0
739,0.8116041452380952,0.06546055091580222,0.266084,0.939237,0.673153,0.00015533809523809528,2,1159.0,739.0
740,0.8117716666666667,0.0654448554692337,0.266084,0.939237,0.673153,0.00018579761904761896,2,1160.0,740.0
741,0.8119818309523809,0.06542866119790312,0.266084,0.939237,0.673153,0.0002345309523809524,2,1161.0,741.0
742,0.8122224523809524,0.06539516557925523,0.266084,0.939237,0.673153,0.00022843809523809532,2,1162.0,742.0
743,0.8124569833333334,0.06537541887562945,0.266084,0.939237,0.673153,0.00022234761904761898,2,1163.0,743.0
744,0.8126762833333333,0.06536262489820928,0.266084,0.939237,0.673153,0.00022234523809523796,2,1164.0,744.0
745,0.8128955833333332,0.06534480024932365,0.266084,0.939237,0.673153,0.00023757619047619057,2,1165.0,745.0
746,0.8131453428571428,0.06531870498593485,0.266084,0.939237,0.673153,0.00029849285714285715,2,1166.0,746.0
747,0.8134407904761904,0.06523736362260149,0.266084,0.939237,0.673153,0.00029240000000000006,2,1167.0,747.0
748,0.8137301452380953,0.06515630499257956,0.266084,0.939237,0.673153,0.0002649880952380953,2,1168.0,748.0
749,0.8139920857142858,0.0650997461123883,0.266084,0.939237,0.673153,0.00021929999999999977,2,1169.0,749.0
750,0.814260119047619,0.06511975667246511,0.266084,0.939237,0.673153,0.00029240000000000006,2,1170.0,750.0
751,0.8145799333333332,0.06514532399413113,0.266084,0.939237,0.673153,0.000331997619047619,2,1171.0,751.0
752,0.814911930952381,0.06515715933262908,0.266084,0.939237,0.673153,0.00031372142857142877,2,1172.0,752.0
753,0.8152256523809523,0.06518526091604947,0.266084,0.939237,0.673153,0.00033504285714285715,2,1173.0,753.0
754,0.8155576476190477,0.06518728462905293,0.266084,0.939237,0.673153,0.00031067380952380956,2,1174.0,754.0
755,0.8158591857142856,0.06519949345792704,0.266084,0.939237,0.673153,0.00028326428571428554,2,1175.0,755.0
756,0.8161729071428572,0.06525992684075294,0.266084,0.939237,0.673153,0.00028630952380952375,2,1176.0,756.0
757,0.81650795,0.0654047064359022,0.266084,0.939237,0.673153,0.000359409523809524,2,1177.0,757.0
758,0.8168795428571428,0.06554840122466808,0.266084,0.939237,0.673153,0.00035940952380952374,2,1178.0,758.0
759,0.8172206785714285,0.0656715469988554,0.266084,0.939237,0.673153,0.00036550238095238083,2,1179.0,759.0
760,0.8175679047619047,0.06574756214035965,0.266084,0.939237,0.673153,0.00034113333333333324,2,1180.0,760.0
761,0.8179059928571428,0.06582301967344632,0.266084,0.939237,0.673153,0.0003076309523809524,2,1181.0,761.0
762,0.8182044857142857,0.06590840524862107,0.266084,0.939237,0.673153,0.00029240000000000006,2,1182.0,762.0
763,0.8184907952380953,0.0659889354286075,0.266084,0.939237,0.673153,0.0002710809523809524,2,1183.0,763.0
764,0.8187496928571428,0.06606310881464528,0.266084,0.939237,0.673153,0.0002558523809523808,2,1184.0,764.0
765,0.8189903142857143,0.06612175106467136,0.266084,0.939237,0.673153,0.00024062142857142848,2,1185.0,765.0
766,0.8192522571428572,0.06620225454084641,0.266084,0.939237,0.673153,0.00027412619047619056,2,1186.0,766.0
767,0.8194989714285714,0.0662460820753028,0.266084,0.939237,0.673153,0.0001857952380952382,2,1187.0,767.0
768,0.8196847666666666,0.06631431461433772,0.266084,0.939237,0.673153,0.00022539285714285714,2,1188.0,768.0
769,0.8199010214285715,0.06635964609443085,0.266084,0.939237,0.673153,0.0001918880952380953,2,1189.0,769.0
770,0.8201385976190476,0.0664612089596523,0.266084,0.939237,0.673153,0.00024366666666666664,2,1190.0,770.0
771,0.8203944476190477,0.06657437971099993,0.266084,0.939237,0.673153,0.00026803333333333347,2,1191.0,771.0
772,0.8206076547619048,0.06662277316072973,0.266084,0.939237,0.673153,0.0002101619047619048,2,1192.0,772.0
773,0.8208056333333335,0.06666136903626692,0.266084,0.939237,0.673153,0.00020102380952380955,2,1193.0,773.0
774,0.8210097047619047,0.06670051583122075,0.266084,0.939237,0.673153,0.0001979809523809524,2,1194.0,774.0
775,0.8212290047619049,0.06676077310930692,0.266084,0.939237,0.673153,0.00024062142857142848,2,1195.0,775.0
776,0.8215122690476191,0.06685643399270164,0.266084,0.939237,0.673153,0.00039900476190476194,2,1196.0,776.0
777,0.8218686309523809,0.0667976770147093,0.266084,0.939237,0.673153,0.00037768333333333323,2,1197.0,777.0
778,0.8222402238095238,0.06670226569295618,0.266084,0.939237,0.673153,0.000368547619047619,2,1198.0,778.0
779,0.8226727333333334,0.06667976517298277,0.266084,0.939237,0.673153,0.00045382857142857143,2,1199.0,779.0
780,0.82309915,0.06658932696903765,0.266084,0.939237,0.673153,0.00042946428571428584,2,1200.0,780.0
781,0.8235072928571429,0.06646867227722823,0.266084,0.939237,0.673153,0.0004081428571428572,2,1201.0,781.0
782,0.8239184809523808,0.06634831987399543,0.266084,0.939237,0.673153,0.00041423333333333323,2,1202.0,782.0
783,0.8243418523809524,0.06622968488832466,0.266084,0.939237,0.673153,0.00042946190476190484,2,1203.0,783.0
784,0.8248139571428572,0.0661487513477377,0.266084,0.939237,0.673153,0.00034113571428571424,2,1204.0,784.0
785,0.8251307261904762,0.0661997085960266,0.266084,0.939237,0.673153,0.0002528047619047619,2,1205.0,785.0
786,0.8253743928571429,0.06628018943488495,0.266084,0.939237,0.673153,0.00022843809523809532,2,1206.0,786.0
787,0.8255906476190477,0.06635286938059072,0.266084,0.939237,0.673153,0.00021930000000000005,2,1207.0,787.0
788,0.8257947190476191,0.06640894465354238,0.266084,0.939237,0.673153,0.00023148571428571423,2,1208.0,788.0
789,0.82610235,0.06653953237876446,0.266084,0.939237,0.673153,0.0003441809523809522,2,1209.0,789.0
790,0.8264373928571428,0.0666316243542162,0.266084,0.939237,0.673153,0.00038072857142857166,2,1210.0,790.0
791,0.8267785261904761,0.06663190614385574,0.266084,0.939237,0.673153,0.0004264166666666667,2,1211.0,791.0
792,0.8271927595238094,0.06650253049153758,0.266084,0.939237,0.673153,0.00041728095238095244,2,1212.0,792.0
793,0.8276313619047619,0.06638780858229544,0.266084,0.939237,0.673153,0.0004446928571428572,2,1213.0,793.0
794,0.8280455952380952,0.06622862351540829,0.266084,0.939237,0.673153,0.00034722619047619033,2,1214.0,794.0
795,0.8283775928571429,0.06615348212782617,0.266084,0.939237,0.673153,0.000295447619047619,2,1215.0,795.0
796,0.8286730404761904,0.06611944479274416,0.266084,0.939237,0.673153,0.00033504285714285715,2,1216.0,796.0
797,0.8290050380952381,0.0660345949789342,0.266084,0.939237,0.673153,0.00034418095238095245,2,1217.0,797.0
798,0.8293187595238095,0.06591016948426512,0.266084,0.939237,0.673153,0.0003624547619047619,2,1218.0,798.0
799,0.8296903523809523,0.06571354840314872,0.266084,0.939237,0.673153,0.0004264166666666667,2,1219.0,799.0
800,0.8301319976190477,0.06542024034667453,0.266084,0.939237,0.673153,0.0004599214285714285,2,1220.0,800.0
801,0.8305766904761905,0.0650724824256211,0.266084,0.939237,0.673153,0.0004751500000000001,2,1221.0,801.0
802,0.8310427023809522,0.06464285230626812,0.26352600000000004,0.939237,0.675711,0.0004599214285714288,2,1222.0,802.0
803,0.8314904404761906,0.06421525669643713,0.258409,0.939237,0.680828,0.00035940952380952374,2,1223.0,803.0
804,0.8318102547619047,0.06395735270999582,0.258409,0.939237,0.680828,0.0002558499999999998,2,1224.0,804.0
805,0.8320843785714287,0.06380842234333003,0.258409,0.939237,0.680828,0.00028326190476190454,2,1225.0,805.0
806,0.8323097714285714,0.06363500122372115,0.258409,0.939237,0.680828,0.00022843809523809532,2,1226.0,806.0
807,0.8325869428571429,0.06346191051707857,0.258409,0.939237,0.680828,0.00030458571428571425,2,1227.0,807.0
808,0.8329219857142857,0.06325381065467828,0.258409,0.939237,0.680828,0.0002680333333333332,2,1228.0,808.0
809,0.833253980952381,0.06318983970088425,0.258409,0.939237,0.680828,0.000368545238095238,2,1229.0,809.0
810,0.8336164357142857,0.06306648949042484,0.258409,0.939237,0.680828,0.0002832642857142858,2,1230.0,810.0
811,0.8338844714285715,0.06303091949108819,0.258409,0.939237,0.680828,0.00028021904761904766,2,1231.0,811.0
812,0.8341464142857143,0.06296843356294664,0.258409,0.939237,0.680828,0.00028021666666666666,2,1232.0,812.0
813,0.8344022642857142,0.06286985824867689,0.258409,0.939237,0.680828,0.0003807285714285714,2,1233.0,813.0
814,0.8347190309523809,0.06254563104209442,0.258409,0.939237,0.680828,0.0003715928571428572,2,1234.0,814.0
815,0.8350510285714285,0.06209634646498281,0.24049900000000002,0.939237,0.698738,0.00022843809523809505,2,1235.0,815.0
816,0.8352794666666666,0.06186462903042981,0.24049900000000002,0.939237,0.698738,0.00022539285714285714,2,1236.0,816.0
817,0.8355048595238096,0.061636655512784716,0.24049900000000002,0.939237,0.698738,0.0002132095238095237,2,1237.0,817.0
818,0.835702838095238,0.06143296764711054,0.24049900000000002,0.939237,0.698738,0.00020102380952380955,2,1238.0,818.0
819,0.8359008166666666,0.061223826283931006,0.24049900000000002,0.939237,0.698738,0.0002010261904761903,2,1239.0,819.0
820,0.8360987976190475,0.06100917112657653,0.24049900000000002,0.939237,0.698738,0.00018579761904761923,2,1240.0,820.0
821,0.8362785023809524,0.06081689675608638,0.24049900000000002,0.939237,0.698738,0.00018275000000000005,2,1241.0,821.0
822,0.8364490690476191,0.0606243460792813,0.24049900000000002,0.939237,0.698738,0.0002253904761904761,2,1242.0,822.0
823,0.8366866428571429,0.060319066825278794,0.24049900000000002,0.939237,0.698738,0.0002588952380952382,2,1243.0,823.0
824,0.8369699047619049,0.05995483839906164,0.24049900000000002,0.939237,0.698738,0.0002710785714285714,2,1244.0,824.0
825,0.8372653499999999,0.059609191340636754,0.24049900000000002,0.939237,0.698738,0.00030458333333333325,2,1245.0,825.0
826,0.837572980952381,0.05923893779781946,0.24049900000000002,0.939237,0.698738,0.0003076309523809524,2,1246.0,826.0
827,0.8378775642857144,0.05886516294968941,0.24049900000000002,0.939237,0.698738,0.00030458333333333325,2,1247.0,827.0
828,0.838173011904762,0.05848911204662145,0.24049900000000002,0.939237,0.698738,0.000295447619047619,2,1248.0,828.0
829,0.8384593214285715,0.05811148415674019,0.24049900000000002,0.939237,0.698738,0.00029240000000000006,2,1249.0,829.0
830,0.8387517214285714,0.05771532832417777,0.23922,0.939237,0.700017,0.0002893547619047619,2,1250.0,830.0
831,0.8389984333333332,0.05734202021992858,0.23410299999999995,0.939237,0.705134,0.0002345285714285714,2,1251.0,831.0
832,0.8393030166666667,0.056968698284000946,0.23410299999999995,0.939237,0.705134,0.00030458333333333325,2,1252.0,832.0
833,0.8395954166666667,0.056593233735729095,0.231545,0.939237,0.707692,0.0002771714285714285,2,1253.0,833.0
834,0.8398664976190475,0.056250796263718573,0.231545,0.939237,0.707692,0.00028021904761904766,2,1254.0,834.0
835,0.8401589,0.055880944422427054,0.22386899999999998,0.939237,0.715368,0.0002710809523809524,2,1255.0,835.0
836,0.8404482547619048,0.05555433111279317,0.22386899999999998,0.939237,0.715368,0.0002832619047619048,2,1256.0,836.0
837,0.8407406547619048,0.055237711721658936,0.22386899999999998,0.939237,0.715368,0.00021930000000000005,2,1257.0,837.0
838,0.840935588095238,0.05506100030666725,0.22386899999999998,0.939237,0.715368,0.0001401095238095237,2,1258.0,838.0
839,0.8410604690476191,0.05496602550031632,0.22386899999999998,0.939237,0.715368,0.00013401904761904763,2,1259.0,839.0
840,0.8411670738095238,0.05486968385327947,0.22386899999999998,0.939237,0.715368,9.74666666666666e-05,2,1260.0,840.0
841,0.8412797714285714,0.05477795552857566,0.22386899999999998,0.939237,0.715368,0.00017970476190476187,2,1261.0,841.0
842,0.8414960261904761,0.05457551744550437,0.22386899999999998,0.939237,0.715368,0.0002193023809523808,2,1262.0,842.0
843,0.8417061904761904,0.05436734332918285,0.22386899999999998,0.939237,0.715368,0.00020711666666666661,2,1263.0,843.0
844,0.841904169047619,0.05416508727428534,0.22386899999999998,0.939237,0.715368,0.00017970476190476187,2,1264.0,844.0
845,0.842059507142857,0.0540016741210285,0.22386899999999998,0.939237,0.715368,0.00016447619047619055,2,1265.0,845.0
846,0.8422635785714285,0.05380981994577019,0.22386899999999998,0.939237,0.715368,0.00020407142857142873,2,1266.0,846.0
847,0.8424524214285715,0.0536197176696002,0.22386899999999998,0.939237,0.715368,0.0001949333333333332,2,1267.0,847.0
848,0.8426473547619047,0.05341740739180665,0.22386899999999998,0.939237,0.715368,0.0002010261904761903,2,1268.0,848.0
849,0.842820969047619,0.05321302380232811,0.22386899999999998,0.939237,0.715368,0.00017970476190476187,2,1269.0,849.0
850,0.843003719047619,0.05299421419539809,0.22386899999999998,0.939237,0.715368,0.0001918880952380953,2,1270.0,850.0
851,0.8431803785714286,0.05276410365884149,0.22386899999999998,0.939237,0.715368,0.0001736142857142858,2,1271.0,851.0
852,0.8433722666666668,0.052528698194010674,0.22386899999999998,0.939237,0.715368,0.00019797857142857137,2,1272.0,852.0
853,0.8435367428571429,0.052299376533756034,0.22386899999999998,0.939237,0.715368,0.00015838571428571422,2,1273.0,853.0
854,0.8436128904761905,0.05216935500324564,0.22386899999999998,0.939237,0.715368,5.787142857142842e-05,2,1274.0,854.0
855,0.8436585785714285,0.05209225590404391,0.22386899999999998,0.939237,0.715368,3.350476190476184e-05,2,1275.0,855.0
856,0.8436920833333333,0.052037265542751815,0.22386899999999998,0.939237,0.715368,3.350476190476184e-05,2,1276.0,856.0
857,0.8437255880952381,0.05198219541365286,0.22386899999999998,0.939237,0.715368,2.4366666666666848e-05,2,1277.0,857.0
858,0.8437316785714285,0.05197195132691899,0.22386899999999998,0.939237,0.715368,0.0,2,1278.0,858.0
859,0.84378955,0.05188945850913564,0.22386899999999998,0.939237,0.715368,6.396190476190475e-05,2,1279.0,859.0
860,0.8439601166666667,0.051714846218729744,0.22386899999999998,0.939237,0.715368,0.0001705666666666669,2,1280.0,860.0
861,0.8441428666666667,0.05153555193235733,0.22386899999999998,0.939237,0.715368,0.00018884285714285714,2,1281.0,861.0
862,0.8443225714285714,0.051346807853923655,0.22386899999999998,0.939237,0.715368,0.00018884285714285714,2,1282.0,862.0
863,0.8445083690476191,0.051140974044111345,0.22386899999999998,0.939237,0.715368,0.00018579761904761923,2,1283.0,863.0
864,0.8446880738095237,0.05093594027017129,0.22386899999999998,0.939237,0.715368,0.00018579523809523794,2,1284.0,864.0
865,0.8448738690476191,0.050717731612697485,0.22386899999999998,0.939237,0.715368,0.00019188809523809503,2,1285.0,865.0
866,0.8450505285714286,0.050493081364504956,0.22386899999999998,0.939237,0.715368,0.00018275000000000005,2,1286.0,866.0
867,0.845227188095238,0.050257815552696934,0.22386899999999998,0.939237,0.715368,0.0001918880952380953,2,1287.0,867.0
868,0.8454221214285714,0.04998622799991079,0.22386899999999998,0.939237,0.715368,0.00018884285714285714,2,1288.0,868.0
869,0.8456109642857144,0.049725839941491386,0.22386899999999998,0.939237,0.715368,0.0001949333333333332,2,1289.0,869.0
870,0.8458028523809524,0.0494516663698444,0.22386899999999998,0.939237,0.715368,0.0001918880952380953,2,1290.0,870.0
871,0.8459916928571428,0.0491771665637761,0.22386899999999998,0.939237,0.715368,0.00018275000000000005,2,1291.0,871.0
872,0.8461744428571428,0.04891413761571998,0.22386899999999998,0.939237,0.715368,0.0001766571428571427,2,1292.0,872.0
873,0.8463511,0.048662519215702055,0.22386899999999998,0.939237,0.715368,0.00016752142857142844,2,1293.0,873.0
874,0.846515576190476,0.04843083979745811,0.22386899999999998,0.939237,0.715368,0.00014924523809523794,2,1294.0,874.0
875,0.8466709142857142,0.048224921024619095,0.22386899999999998,0.939237,0.715368,0.0001583857142857145,2,1295.0,875.0
876,0.8468323452380953,0.048009455379394265,0.22386899999999998,0.939237,0.715368,9.442142857142844e-05,2,1296.0,876.0
877,0.8469298119047618,0.04790857026576621,0.22386899999999998,0.939237,0.715368,9.137619047619053e-05,2,1297.0,877.0
878,0.8470668761904762,0.04779719299457723,0.22386899999999998,0.939237,0.715368,0.00011574285714285712,2,1298.0,878.0
879,0.8471856642857144,0.04771287908096135,0.22386899999999998,0.939237,0.715368,0.00010965000000000002,2,1299.0,879.0
880,0.847292269047619,0.047639696711845904,0.22386899999999998,0.939237,0.715368,0.00011878809523809528,2,1300.0,880.0
881,0.8474110571428571,0.04755134558460211,0.22386899999999998,0.939237,0.715368,0.00011878809523809528,2,1301.0,881.0
882,0.8475389833333333,0.047460854084103665,0.22386899999999998,0.939237,0.715368,0.0001370642857142858,2,1302.0,882.0
883,0.8477125976190477,0.04735832229264255,0.22386899999999998,0.939237,0.715368,0.00014010952380952396,2,1303.0,883.0
884,0.8479136238095237,0.047322832682406626,0.22386899999999998,0.939237,0.715368,0.00021016428571428555,2,1304.0,884.0
885,0.8481451071428572,0.04729339645130624,0.22386899999999998,0.939237,0.715368,0.00021625238095238086,2,1305.0,885.0
886,0.8483339476190476,0.04725830919609214,0.22386899999999998,0.939237,0.715368,0.00014010714285714294,2,1306.0,886.0
887,0.8484710095238095,0.04726018714641527,0.22386899999999998,0.939237,0.715368,0.00015229285714285712,2,1307.0,887.0
888,0.8486050261904763,0.047241681816427246,0.22386899999999998,0.939237,0.715368,0.00018274999999999978,2,1308.0,888.0
889,0.8487816857142858,0.047173600862198205,0.22386899999999998,0.939237,0.715368,0.0001918880952380953,2,1309.0,889.0
890,0.8489979404761904,0.04709803659423789,0.22386899999999998,0.939237,0.715368,0.00020407142857142846,2,1310.0,890.0
891,0.8491197738095239,0.04701686816638289,0.22386899999999998,0.939237,0.715368,0.00011878809523809501,2,1311.0,891.0
892,0.8492050571428571,0.046948160642265556,0.22386899999999998,0.939237,0.715368,8.223809523809528e-05,2,1312.0,892.0
893,0.8492476999999999,0.046906732775700254,0.22386899999999998,0.939237,0.715368,3.0457142857142653e-05,2,1313.0,893.0
894,0.8492598833333335,0.04689455057236404,0.22386899999999998,0.939237,0.715368,1.8276190476190514e-05,2,1314.0,894.0
895,0.8492964333333333,0.04685996119353751,0.22386899999999998,0.939237,0.715368,3.350476190476184e-05,2,1315.0,895.0
896,0.8493482142857143,0.046815817906240544,0.22386899999999998,0.939237,0.715368,4.568809523809526e-05,2,1316.0,896.0
897,0.8494182690476191,0.04676552152047891,0.22386899999999998,0.939237,0.715368,7.005476190476212e-05,2,1317.0,897.0
898,0.8494791857142857,0.04671915441279372,0.22386899999999998,0.939237,0.715368,5.17785714285716e-05,2,1318.0,898.0
899,0.8495309642857143,0.046681772678741296,0.22386899999999998,0.939237,0.715368,3.9595238095238176e-05,2,1319.0,899.0
900,0.8495766499999999,0.04665247523238668,0.22386899999999998,0.939237,0.715368,4.568571428571424e-05,2,1320.0,900.0
901,0.8496132,0.04662748703973819,0.22386899999999998,0.939237,0.715368,-1.8273809523809493e-05,2,1321.0,901.0
902,0.8495827428571429,0.0466424657907727,0.22386899999999998,0.939237,0.715368,-4.568571428571424e-05,2,1322.0,902.0
903,0.849527919047619,0.046667863303584176,0.22386899999999998,0.939237,0.715368,-4.568809523809526e-05,2,1323.0,903.0
904,0.8494761380952381,0.04669532582517254,0.22386899999999998,0.939237,0.715368,-3.95976190476192e-05,2,1324.0,904.0
905,0.84943045,0.046723248508739254,0.22386899999999998,0.939237,0.715368,-1.5228571428571327e-05,2,1325.0,905.0
906,0.8494060833333332,0.046742450370852694,0.22386899999999998,0.939237,0.715368,-3.045238095238167e-06,2,1326.0,906.0
907,0.8493999928571428,0.04674791334688688,0.22386899999999998,0.939237,0.715368,3.0459523809523674e-05,2,1327.0,907.0
908,0.8494274071428571,0.046718433287937566,0.22386899999999998,0.939237,0.715368,6.09285714285709e-06,2,1328.0,908.0
909,0.8494335,0.04671246061646976,0.22386899999999998,0.939237,0.715368,4.568809523809526e-05,2,1329.0,909.0
910,0.849463957142857,0.046675068516674495,0.22386899999999998,0.939237,0.715368,3.655000000000001e-05,2,1330.0,910.0
911,0.8495066,0.04662263225232181,0.22386899999999998,0.939237,0.715368,4.26428571428571e-05,2,1331.0,911.0
912,0.84954315,0.046576606033745506,0.22386899999999998,0.939237,0.715368,3.0457142857142917e-05,2,1332.0,912.0
913,0.8495766547619047,0.04653573139255829,0.22386899999999998,0.939237,0.715368,4.2642857142857365e-05,2,1333.0,913.0
914,0.8495949285714285,0.046510648148309554,0.22386899999999998,0.939237,0.715368,9.1357142857145e-06,2,1334.0,914.0
915,0.8496162476190476,0.04648341231671091,0.22386899999999998,0.939237,0.715368,2.1319047619047662e-05,2,1335.0,915.0
916,0.8496345214285714,0.046459794858330065,0.22386899999999998,0.939237,0.715368,1.2183333333333424e-05,2,1336.0,916.0
917,0.8496375666666667,0.04645581530943788,0.22386899999999998,0.939237,0.715368,3.045238095238167e-06,2,1337.0,917.0
918,0.8496436595238095,0.04644793543006006,0.22386899999999998,0.939237,0.715368,-3.350476190476184e-05,2,1338.0,918.0
919,0.8496010166666667,0.046497174658940384,0.22386899999999998,0.939237,0.715368,-5.17785714285716e-05,2,1339.0,919.0
920,0.8495492380952382,0.04655470655834689,0.22386899999999998,0.939237,0.715368,-5.4826190476190525e-05,2,1340.0,920.0
921,0.8494761357142858,0.04664072558783958,0.22386899999999998,0.939237,0.715368,-5.787142857142869e-05,2,1341.0,921.0
922,0.8494243571428572,0.046703615539006246,0.22386899999999998,0.939237,0.715368,-4.873333333333343e-05,2,1342.0,922.0
923,0.8493512571428572,0.04680115302660387,0.22386899999999998,0.939237,0.715368,-8.832857142857161e-05,2,1343.0,923.0
924,0.8492690190476191,0.046902655703058405,0.22386899999999998,0.939237,0.715368,-9.137619047619027e-05,2,1344.0,924.0
925,0.8491715523809524,0.04702115775082754,0.22386899999999998,0.939237,0.715368,-9.44214285714287e-05,2,1345.0,925.0
926,0.849071038095238,0.0471469334731577,0.22386899999999998,0.939237,0.715368,-1.5230952380952347e-05,2,1346.0,926.0
927,0.8490497166666667,0.04718221478988928,0.22386899999999998,0.939237,0.715368,2.7411904761905016e-05,2,1347.0,927.0
928,0.8490771285714286,0.047130896884837487,0.22386899999999998,0.939237,0.715368,3.655000000000001e-05,2,1348.0,928.0
929,0.8491167238095237,0.04705556690020756,0.22386899999999998,0.939237,0.715368,3.350476190476184e-05,2,1349.0,929.0
930,0.8491410904761905,0.047008800974127685,0.22386899999999998,0.939237,0.715368,-8.833095238095237e-05,2,1350.0,930.0
931,0.849046669047619,0.04714487560213168,0.22386899999999998,0.939237,0.715368,-0.00013097142857142844,2,1351.0,931.0
932,0.8488943761904763,0.047352846656486945,0.22386899999999998,0.939237,0.715368,-0.00014620000000000003,2,1352.0,932.0
933,0.8487755880952382,0.04750289875986369,0.22386899999999998,0.939237,0.715368,-0.00010355952380952396,2,1353.0,933.0
934,0.8486750761904762,0.047634661755749576,0.22386899999999998,0.939237,0.715368,-0.00010965000000000002,2,1354.0,934.0
935,0.8485623785714286,0.04777869897441365,0.22386899999999998,0.939237,0.715368,-0.00011574285714285712,2,1355.0,935.0
936,0.8484496833333335,0.04791902620698706,0.22386899999999998,0.939237,0.715368,-0.00012487857142857135,2,1356.0,936.0
937,0.8483217571428572,0.04807239734690913,0.22386899999999998,0.939237,0.715368,-0.00013401904761904763,2,1357.0,937.0
938,0.8481725095238094,0.04825621992026278,0.22386899999999998,0.939237,0.715368,-0.0001583833333333332,2,1358.0,938.0
939,0.848020219047619,0.048432542588582685,0.22386899999999998,0.939237,0.715368,-0.0001340166666666666,2,1359.0,939.0
940,0.8478862023809525,0.04859736738744183,0.22386899999999998,0.939237,0.715368,-0.00014620000000000003,2,1360.0,940.0
941,0.8477400023809524,0.048768451713440575,0.22386899999999998,0.939237,0.715368,-0.0001522904761904761,2,1361.0,941.0
942,0.8475816190476191,0.048952627229292944,0.22386899999999998,0.939237,0.715368,-0.00015229285714285712,2,1362.0,942.0
943,0.847420188095238,0.04914961589125064,0.22386899999999998,0.939237,0.715368,-0.00014620238095238106,2,1363.0,943.0
944,0.8472800785714285,0.04932497053208898,0.22386899999999998,0.939237,0.715368,-0.00012487857142857162,2,1364.0,944.0
945,0.8471551999999999,0.04948847636160699,0.22386899999999998,0.939237,0.715368,-0.00015838333333333346,2,1365.0,945.0
946,0.8469876785714285,0.04968922950781202,0.22386899999999998,0.939237,0.715368,-0.00015229285714285712,2,1366.0,946.0
947,0.846838430952381,0.049874585833033856,0.22386899999999998,0.939237,0.715368,-0.00014924761904761897,2,1367.0,947.0
948,0.8466861380952381,0.05006450344477019,0.22386899999999998,0.939237,0.715368,-0.0001370642857142858,2,1368.0,948.0
949,0.8465490738095237,0.05024314650450471,0.22386899999999998,0.939237,0.715368,-0.00010965000000000002,2,1369.0,949.0
950,0.8464272404761904,0.050421190653966115,0.22386899999999998,0.939237,0.715368,-0.00011878809523809501,2,1370.0,950.0
951,0.8463114976190477,0.05058948216597421,0.22386899999999998,0.939237,0.715368,-0.00011878809523809528,2,1371.0,951.0
952,0.8461835738095238,0.05077775131376583,0.22386899999999998,0.939237,0.715368,-0.00017665714285714296,2,1372.0,952.0
953,0.8460038690476192,0.051006723467919915,0.22386899999999998,0.939237,0.715368,-0.00015533809523809528,2,1373.0,953.0
954,0.8458454857142856,0.05122495880904046,0.22386899999999998,0.939237,0.715368,-0.00010965000000000002,2,1374.0,954.0
955,0.8457388809523809,0.05139095840487451,0.22386899999999998,0.939237,0.715368,-9.442142857142844e-05,2,1375.0,955.0
956,0.8456444595238094,0.05154204327431363,0.22386899999999998,0.939237,0.715368,-9.137619047619027e-05,2,1376.0,956.0
957,0.8455591761904763,0.051676922040440054,0.22386899999999998,0.939237,0.715368,-7.919047619047608e-05,2,1377.0,957.0
958,0.845483030952381,0.05179787396327873,0.22386899999999998,0.939237,0.715368,-8.2238095238095e-05,2,1378.0,958.0
959,0.8453916547619047,0.05194362514800565,0.22386899999999998,0.939237,0.715368,-0.00010355952380952369,2,1379.0,959.0
960,0.8453124619047618,0.05205780834094761,0.22386899999999998,0.939237,0.715368,-0.00010355952380952369,2,1380.0,960.0
961,0.8451936738095239,0.05222402347461304,0.22386899999999998,0.939237,0.715368,-0.00010965000000000002,2,1381.0,961.0
962,0.8451053452380951,0.05234278372805786,0.22386899999999998,0.939237,0.715368,-8.223809523809528e-05,2,1382.0,962.0
963,0.8450078785714287,0.05248166107333311,0.22386899999999998,0.939237,0.715368,-9.441904761904768e-05,2,1383.0,963.0
964,0.8449225952380952,0.05260065700198934,0.22386899999999998,0.939237,0.715368,-7.310000000000002e-05,2,1384.0,964.0
965,0.8448434047619048,0.052716552462363474,0.22386899999999998,0.939237,0.715368,-8.832857142857134e-05,2,1385.0,965.0
966,0.844752030952381,0.052847602791796705,0.22386899999999998,0.939237,0.715368,-8.223571428571425e-05,2,1386.0,966.0
967,0.8446728404761905,0.052962702850040566,0.22386899999999998,0.939237,0.715368,-9.442142857142844e-05,2,1387.0,967.0
968,0.844575373809524,0.053099165004741294,0.22386899999999998,0.939237,0.715368,-0.00010355714285714293,2,1388.0,968.0
969,0.8444718166666666,0.05324108799841044,0.22386899999999998,0.939237,0.715368,-0.00010355714285714293,2,1389.0,969.0
970,0.8443591214285714,0.05339892782017986,0.22386899999999998,0.939237,0.715368,-0.00011269523809523819,2,1390.0,970.0
971,0.8442403333333335,0.05356737848149156,0.22386899999999998,0.939237,0.715368,-0.00010051428571428553,2,1391.0,971.0
972,0.8441428666666667,0.05371080554419225,0.22386899999999998,0.939237,0.715368,-0.00010051190476190477,2,1392.0,972.0
973,0.8440393071428571,0.05386258778156776,0.22386899999999998,0.939237,0.715368,-7.310000000000002e-05,2,1393.0,973.0
974,0.8439631619047618,0.05398371649724331,0.22386899999999998,0.939237,0.715368,6.396190476190475e-05,2,1394.0,974.0
975,0.8440240785714286,0.05385284868700756,0.22258999999999995,0.939237,0.716647,5.787142857142842e-05,2,1395.0,975.0
976,0.8440728119047619,0.05374671516824563,0.21491399999999994,0.939237,0.724323,3.0457142857142653e-05,2,1396.0,976.0
977,0.8441063142857145,0.05367639959362549,0.21107699999999996,0.939237,0.72816,2.4366666666666584e-05,2,1397.0,977.0
978,0.8441337285714285,0.05362008578044721,0.20212200000000002,0.939237,0.737115,0.0,2,1398.0,978.0
979,0.8441276357142857,0.053632099250428125,0.20212200000000002,0.939237,0.737115,-2.7411904761904752e-05,2,1399.0,979.0
980,0.8440941333333334,0.05369610125468749,0.20467999999999997,0.939237,0.734557,-4.264047619047608e-05,2,1400.0,980.0
981,0.8440271261904763,0.053827800074477176,0.21491399999999994,0.939237,0.724323,-7.614523809523793e-05,2,1401.0,981.0
982,0.8439723,0.05392875473517065,0.21491399999999994,0.939237,0.724323,-6.396428571428578e-05,2,1402.0,982.0
983,0.8439235666666667,0.05401366814170045,0.21491399999999994,0.939237,0.724323,-4.873333333333317e-05,2,1403.0,983.0
984,0.8438748333333332,0.054098404367243086,0.21491399999999994,0.939237,0.724323,-5.1778571428571336e-05,2,1404.0,984.0
985,0.843820007142857,0.054193524437909826,0.21491399999999994,0.939237,0.724323,-6.091666666666659e-05,2,1405.0,985.0
986,0.8437560452380951,0.05430346064733375,0.21491399999999994,0.939237,0.724323,-6.396190476190475e-05,2,1406.0,986.0
987,0.8436829452380952,0.05443131649042061,0.21491399999999994,0.939237,0.724323,-7.005476190476212e-05,2,1407.0,987.0
988,0.843615938095238,0.05454816567498573,0.21491399999999994,0.939237,0.724323,-6.396190476190475e-05,2,1408.0,988.0
989,0.8435519761904762,0.054660143153806975,0.21491399999999994,0.939237,0.724323,-6.396190476190475e-05,2,1409.0,989.0
990,0.8434819214285714,0.05478407519661702,0.21491399999999994,0.939237,0.724323,-7.310000000000002e-05,2,1410.0,990.0
991,0.8434057761904761,0.05491836318748736,0.21491399999999994,0.939237,0.724323,-7.919047619047608e-05,2,1411.0,991.0
992,0.843320492857143,0.055069244285003385,0.21491399999999994,0.939237,0.724323,-0.00011878809523809528,2,1412.0,992.0
993,0.8431986595238096,0.05526974791137062,0.21491399999999994,0.939237,0.724323,-0.0002680333333333332,2,1413.0,993.0
994,0.842927580952381,0.05556585562140373,0.21491399999999994,0.939237,0.724323,-0.00033504285714285715,2,1414.0,994.0
995,0.8425925380952382,0.055847324843430024,0.21491399999999994,0.939237,0.724323,-0.0003472261904761906,2,1415.0,995.0
996,0.8422453119047618,0.056119602211538236,0.21491399999999994,0.939237,0.724323,-0.00036854523809523826,2,1416.0,996.0
997,0.8418615380952379,0.05640782232508247,0.22003099999999998,0.939237,0.719206,-0.0003655000000000001,2,1417.0,997.0
998,0.8414899452380951,0.05671655726962303,0.22258999999999995,0.939237,0.716647,-0.0003715928571428572,2,1418.0,998.0
999,0.841142719047619,0.0569701678591701,0.22258999999999995,0.939237,0.716647,-0.000368547619047619,2,1419.0,999.0
1000,0.8408137666666667,0.05713384398196116,0.22258999999999995,0.939237,0.716647,-0.0003563642857142856,2,1420.0,1000.0
1001,0.8404543571428571,0.05727788245159833,0.22258999999999995,0.939237,0.716647,-0.0003868214285714285,2,1421.0,1001.0
1002,0.8401832785714286,0.05724260507208826,0.22258999999999995,0.939237,0.716647,-0.0002893547619047619,2,1422.0,1002.0
1003,0.8399091523809523,0.05717187660297108,0.22258999999999995,0.939237,0.716647,-0.000286309523809524,2,1423.0,1003.0
1004,0.8396654857142858,0.05705868220047285,0.22258999999999995,0.939237,0.716647,-0.0002619404761904761,2,1424.0,1004.0
1005,0.8394187738095238,0.05691229122517242,0.22258999999999995,0.939237,0.716647,-0.00024975714285714297,2,1425.0,1005.0
1006,0.8390776404761904,0.05681896099917267,0.22258999999999995,0.939237,0.716647,-0.00035636428571428585,2,1426.0,1006.0
1007,0.8387669642857143,0.0566619448543911,0.22258999999999995,0.939237,0.716647,-0.0003259047619047619,2,1427.0,1007.0
1008,0.8384958857142857,0.05645259136813309,0.22131099999999992,0.937958,0.716647,-0.0002649857142857143,2,1428.0,1008.0
1009,0.8382309,0.05625195516127587,0.22131099999999992,0.937958,0.716647,-0.0002619404761904761,2,1429.0,1009.0
1010,0.8380055095238095,0.05605146290667605,0.22131099999999992,0.937958,0.716647,-0.0002040690476190477,2,1430.0,1010.0
1011,0.8378440809523809,0.055893937896554786,0.22131099999999992,0.937958,0.716647,-0.00016447619047619055,2,1431.0,1011.0
1012,0.8376856976190477,0.05573304283513801,0.22131099999999992,0.937958,0.716647,-0.00014924523809523794,2,1432.0,1012.0
1013,0.837551680952381,0.05559310159481608,0.22131099999999992,0.937958,0.716647,-0.0001279238095238095,2,1433.0,1013.0
1014,0.837420711904762,0.05546022050932715,0.22131099999999992,0.937958,0.716647,-0.00012183333333333345,2,1434.0,1014.0
1015,0.8372897404761905,0.05533579134410102,0.22131099999999992,0.937958,0.716647,-0.00012183333333333345,2,1435.0,1015.0
1016,0.8371465857142857,0.05521569748079138,0.22131099999999992,0.937958,0.716647,-0.0001401095238095237,2,1436.0,1016.0
1017,0.8369942928571429,0.055096082184389446,0.22131099999999992,0.937958,0.716647,-0.00014315476190476187,2,1437.0,1017.0
1018,0.8368298166666667,0.05498526847202074,0.22131099999999992,0.937958,0.716647,-0.00016143095238095237,2,1438.0,1018.0
1019,0.8366805690476191,0.054878876004147224,0.22131099999999992,0.937958,0.716647,-0.00014315476190476187,2,1439.0,1019.0
1020,0.836525230952381,0.05477837514846698,0.22131099999999992,0.937958,0.716647,-0.00015838333333333346,2,1440.0,1020.0
1021,0.8363759857142857,0.05467424307569146,0.22131099999999992,0.937958,0.716647,-0.00011574285714285712,2,1441.0,1021.0
1022,0.8362297857142856,0.05460761908820649,0.22131099999999992,0.937958,0.716647,-0.00016751904761904744,2,1442.0,1022.0
1023,0.836031807142857,0.05452361492167492,0.22131099999999992,0.937958,0.716647,-0.00019493333333333345,2,1443.0,1023.0
1024,0.8358368738095239,0.05444236259446691,0.22131099999999992,0.937958,0.716647,-0.0001918880952380953,2,1444.0,1024.0
1025,0.8356236642857142,0.05437262160135341,0.22131099999999992,0.937958,0.716647,-0.0002162547619047619,2,1445.0,1025.0
1026,0.8354256857142857,0.054290707607518196,0.22131099999999992,0.937958,0.716647,-0.0001918880952380953,2,1446.0,1026.0
1027,0.8352337976190475,0.05421503250851666,0.22131099999999992,0.937958,0.716647,-0.00019493333333333345,2,1447.0,1027.0
1028,0.8350358190476191,0.05413613175426256,0.22131099999999992,0.937958,0.716647,-0.0001949333333333332,2,1448.0,1028.0
1029,0.8348408857142856,0.054059929693163644,0.22131099999999992,0.937958,0.716647,-0.0001949333333333332,2,1449.0,1029.0
1030,0.8346398595238094,0.053985260619356,0.22131099999999992,0.937958,0.716647,-0.00020102619047619055,2,1450.0,1030.0
1031,0.8344175119047619,0.0539201450259226,0.22131099999999992,0.937958,0.716647,-0.00021930000000000005,2,1451.0,1031.0
1032,0.8342043047619048,0.0538542385013869,0.22131099999999992,0.937958,0.716647,-0.00020407142857142846,2,1452.0,1032.0
1033,0.8340002333333334,0.05379756681250143,0.22131099999999992,0.937958,0.716647,-0.00021320714285714295,2,1453.0,1033.0
1034,0.83376875,0.053740540885078875,0.22131099999999992,0.937958,0.716647,-0.00024062142857142872,2,1454.0,1034.0
1035,0.8335189904761906,0.05367782508789431,0.22131099999999992,0.937958,0.716647,-0.00023757619047619057,2,1455.0,1035.0
1036,0.833278369047619,0.05363058437513585,0.22131099999999992,0.937958,0.716647,-0.00024062142857142848,2,1456.0,1036.0
1037,0.8330377476190476,0.05358222146688937,0.22131099999999992,0.937958,0.716647,-0.00022234761904761898,2,1457.0,1037.0
1038,0.8328062619047619,0.053559518366446235,0.22131099999999992,0.937958,0.716647,-0.0002436690476190474,2,1458.0,1038.0
1039,0.8325625928571428,0.0535228820280541,0.22131099999999992,0.937958,0.716647,-0.0002497595238095237,2,1459.0,1039.0
1040,0.8323067428571428,0.053483192467180724,0.22131099999999992,0.937958,0.716647,-0.0002588952380952382,2,1460.0,1040.0
1041,0.8320508928571428,0.053436125136736824,0.22131099999999992,0.937958,0.716647,-0.000258897619047619,2,1461.0,1041.0
1042,0.8317798119047618,0.05339461373861199,0.22131099999999992,0.937958,0.716647,-0.0002649880952380953,2,1462.0,1042.0
1043,0.8315117785714287,0.053361822974821685,0.22131099999999992,0.937958,0.716647,-0.0002588952380952382,2,1463.0,1043.0
1044,0.8312589738095238,0.053332676074061225,0.22131099999999992,0.937958,0.716647,-0.00026194285714285716,2,1464.0,1044.0
1045,0.8309939857142857,0.053294458807332516,0.22131099999999992,0.937958,0.716647,-0.000258897619047619,2,1465.0,1045.0
1046,0.8307320428571429,0.05326479344417421,0.22131099999999992,0.937958,0.716647,-0.0002588952380952382,2,1466.0,1046.0
1047,0.8304701023809525,0.05324011842489328,0.22131099999999992,0.937958,0.716647,-0.0002497571428571427,2,1467.0,1047.0
1048,0.8302203452380952,0.05322738618344214,0.22131099999999992,0.937958,0.716647,-0.00025889523809523795,2,1468.0,1048.0
1049,0.82996145,0.05320361026144994,0.22131099999999992,0.937958,0.716647,-0.00023757380952380954,2,1469.0,1049.0
1050,0.8297177833333333,0.05320644338211759,0.22131099999999992,0.937958,0.716647,-0.0002375761904761903,2,1470.0,1050.0
1051,0.8294802071428572,0.05321384164488683,0.22131099999999992,0.937958,0.716647,-0.0002375761904761903,2,1471.0,1051.0
1052,0.8292487238095237,0.053214463549462306,0.22131099999999992,0.937958,0.716647,-0.0002253904761904761,2,1472.0,1052.0
1053,0.82901115,0.05323118673702721,0.22131099999999992,0.937958,0.716647,-0.0002345285714285714,2,1473.0,1053.0
1054,0.8287766214285714,0.053249467367933255,0.22131099999999992,0.937958,0.716647,-0.00022234523809523823,2,1474.0,1054.0
1055,0.8285512285714287,0.0532795895185652,0.22131099999999992,0.937958,0.716647,-0.00022843809523809505,2,1475.0,1055.0
1056,0.8283197452380953,0.05330951597545674,0.22131099999999992,0.937958,0.716647,-0.0002314833333333332,2,1476.0,1056.0
1057,0.8280882619047619,0.05333842103719354,0.22131099999999992,0.937958,0.716647,-0.00022843809523809532,2,1477.0,1057.0
1058,0.8278659166666666,0.05336255825331366,0.22131099999999992,0.937958,0.716647,-0.0002253904761904761,2,1478.0,1058.0
1059,0.8276435714285714,0.05338043137711424,0.22131099999999992,0.937958,0.716647,-0.00022539285714285714,2,1479.0,1059.0
1060,0.8274212238095238,0.05339204473655143,0.22131099999999992,0.937958,0.716647,-0.0002345309523809524,2,1480.0,1060.0
1061,0.8271988761904763,0.05338142041789718,0.22131099999999992,0.937958,0.716647,-0.00022539285714285714,2,1481.0,1061.0
1062,0.8269704380952381,0.05336953813632139,0.22131099999999992,0.937958,0.716647,-0.00023148333333333348,2,1482.0,1062.0
1063,0.8267450452380953,0.05334874827527287,0.22131099999999992,0.937958,0.716647,-0.00023148571428571423,2,1483.0,1063.0
1064,0.8265044238095238,0.05332837671126397,0.22131099999999992,0.937958,0.716647,-0.00023757380952380954,2,1484.0,1064.0
1065,0.8262759857142858,0.053302545433186764,0.22131099999999992,0.937958,0.716647,-0.00024062142857142848,2,1485.0,1065.0
1066,0.8260262285714286,0.05327016762213738,0.22131099999999992,0.937958,0.716647,-0.0002863071428571427,2,1486.0,1066.0
1067,0.8257338285714285,0.05319560240470244,0.22131099999999992,0.937958,0.716647,-0.00018884285714285714,2,1487.0,1067.0
1068,0.8255419404761906,0.05322650506041569,0.22131099999999992,0.937958,0.716647,-0.00020102619047619055,2,1488.0,1068.0
1069,0.825331776190476,0.05325953718396274,0.22131099999999992,0.937958,0.716647,-0.00021930000000000005,2,1489.0,1069.0
1070,0.8251124761904761,0.053285204582482856,0.22131099999999992,0.937958,0.716647,-0.00020711666666666661,2,1490.0,1070.0
1071,0.8249023142857144,0.053321550412579195,0.22131099999999992,0.937958,0.716647,-0.0002162547619047619,2,1491.0,1071.0
1072,0.8246769214285714,0.05336228411355022,0.22131099999999992,0.937958,0.716647,-0.00021016428571428582,2,1492.0,1072.0
1073,0.8244606666666665,0.05341857022924245,0.22131099999999992,0.937958,0.716647,-0.0002101619047619048,2,1493.0,1073.0
1074,0.8242474571428571,0.05348080249300474,0.22131099999999992,0.937958,0.716647,-0.00020407142857142873,2,1494.0,1074.0
1075,0.82403425,0.05355739165331474,0.22131099999999992,0.937958,0.716647,-0.00020711666666666661,2,1495.0,1075.0
1076,0.8238301785714285,0.05363223605412822,0.22131099999999992,0.937958,0.716647,-0.00020102619047619055,2,1496.0,1076.0
1077,0.8236291523809524,0.053707497141333105,0.22131099999999992,0.937958,0.716647,-0.00020711666666666661,2,1497.0,1077.0
1078,0.8234250809523809,0.05377574211697633,0.22131099999999992,0.937958,0.716647,-0.00020407142857142846,2,1498.0,1078.0
1079,0.8231996880952381,0.053868855645295345,0.22131099999999992,0.937958,0.716647,-0.00022843809523809532,2,1499.0,1079.0
1080,0.8229834333333332,0.05394433922102647,0.22131099999999992,0.937958,0.716647,-0.00023148571428571423,2,1500.0,1080.0
1081,0.8227489023809523,0.054013994285321616,0.22131099999999992,0.937958,0.716647,-0.00022234761904761898,2,1501.0,1081.0
1082,0.8225235095238096,0.054093219304028474,0.22131099999999992,0.937958,0.716647,-0.0002101619047619048,2,1502.0,1082.0
1083,0.8223133476190476,0.054178549926569904,0.22131099999999992,0.937958,0.716647,-0.00029849285714285715,2,1503.0,1083.0
1084,0.8220118095238095,0.05419977632480559,0.22131099999999992,0.937958,0.716647,-0.0004081404761904764,2,1504.0,1084.0
1085,0.821603669047619,0.05405706428763602,0.22131099999999992,0.937958,0.716647,-0.00039900476190476194,2,1505.0,1085.0
1086,0.8211894333333334,0.053947980032821856,0.22131099999999992,0.937958,0.716647,-0.0003624547619047619,2,1506.0,1086.0
1087,0.8208391619047618,0.053907140015316435,0.22131099999999992,0.937958,0.716647,-0.0003259047619047619,2,1507.0,1087.0
1088,0.8205041214285714,0.053909657969094735,0.22131099999999992,0.937958,0.716647,-0.00035940714285714274,2,1508.0,1088.0
1089,0.8201508047619048,0.053868122986604774,0.22131099999999992,0.937958,0.716647,-0.00044164761904761903,2,1509.0,1089.0
1090,0.8197030666666666,0.05366821978699386,0.212356,0.929003,0.716647,-0.0004264166666666667,2,1510.0,1090.0
1091,0.8192705571428571,0.05351739260668595,0.20467999999999997,0.921327,0.716647,-0.0004081428571428569,2,1511.0,1091.0
1092,0.8188624142857143,0.05341057406450333,0.20467999999999997,0.921327,0.716647,-0.00041423333333333323,2,1512.0,1092.0
1093,0.8184512261904762,0.053284779097329656,0.20340099999999994,0.920048,0.716647,-0.0003776857142857143,2,1513.0,1093.0
1094,0.8180704952380953,0.05322013547125325,0.20340099999999994,0.920048,0.716647,-0.0003746380952380951,2,1514.0,1094.0
1095,0.8176958571428572,0.053162805074632793,0.20340099999999994,0.920048,0.716647,-0.0003563642857142856,2,1515.0,1095.0
1096,0.817348630952381,0.05311979649890644,0.20340099999999994,0.920048,0.716647,-0.0003563619047619046,2,1516.0,1096.0
1097,0.8170014071428571,0.053049370173438644,0.20340099999999994,0.920048,0.716647,-0.0003411333333333335,2,1517.0,1097.0
1098,0.8166724571428572,0.05297251993822181,0.20340099999999994,0.920048,0.716647,-0.0003045833333333335,2,1518.0,1098.0
1099,0.8164013761904761,0.0528977375048301,0.20340099999999994,0.920048,0.716647,-0.0002193023809523808,2,1519.0,1099.0
1100,0.8161942571428572,0.05287217439389683,0.20340099999999994,0.920048,0.716647,-0.0001979809523809524,2,1520.0,1100.0
1101,0.8160023690476191,0.05285007765119758,0.20340099999999994,0.920048,0.716647,-0.00019493333333333345,2,1521.0,1101.0
1102,0.815819619047619,0.052817312567112105,0.20340099999999994,0.920048,0.716647,-0.00017665952380952398,2,1522.0,1102.0
1103,0.8156399142857143,0.05279098777521718,0.20340099999999994,0.920048,0.716647,-0.00024062142857142872,2,1523.0,1103.0
1104,0.815384061904762,0.05270587728834673,0.20340099999999994,0.920048,0.716647,-0.0002649880952380953,2,1524.0,1104.0
1105,0.8151251666666667,0.05260261082336244,0.20340099999999994,0.920048,0.716647,-0.00025585000000000007,2,1525.0,1105.0
1106,0.8148662714285714,0.05250417155488145,0.20340099999999994,0.920048,0.716647,-0.00031676666666666665,2,1526.0,1106.0
1107,0.8145342738095238,0.052319002005815754,0.20340099999999994,0.920048,0.716647,-0.00029849285714285715,2,1527.0,1107.0
1108,0.8142388285714285,0.05218811058669118,0.20340099999999994,0.920048,0.716647,-0.0002954452380952382,2,1528.0,1108.0
1109,0.813952519047619,0.05204880069124798,0.20340099999999994,0.920048,0.716647,-0.00029544761904761927,2,1529.0,1109.0
1110,0.8136540261904762,0.05189412390032851,0.20340099999999994,0.920048,0.716647,-0.00031676666666666665,2,1530.0,1110.0
1111,0.8133372595238095,0.05170408288766058,0.20340099999999994,0.920048,0.716647,-0.00031676666666666665,2,1531.0,1111.0
1112,0.813020492857143,0.05151139288432494,0.20340099999999994,0.920048,0.716647,-0.00030153809523809504,2,1532.0,1112.0
1113,0.8127128642857144,0.05134852653812321,0.20340099999999994,0.920048,0.716647,-0.00033199523809523826,2,1533.0,1113.0
1114,0.8123839142857142,0.05113473438962419,0.20340099999999994,0.920048,0.716647,-0.00029544523809523794,2,1534.0,1114.0
1115,0.8120823761904762,0.050985306823039055,0.20340099999999994,0.920048,0.716647,-0.000258897619047619,2,1535.0,1115.0
1116,0.8118295714285714,0.05089644938572306,0.20340099999999994,0.920048,0.716647,-0.00017056666666666662,2,1536.0,1116.0
1117,0.8116681428571428,0.05088769109892482,0.20340099999999994,0.920048,0.716647,-0.00011269523809523793,2,1537.0,1117.0
1118,0.8115524000000001,0.0509058251607529,0.20340099999999994,0.920048,0.716647,-0.00012488095238095238,2,1538.0,1118.0
1119,0.8114183833333333,0.05092648426794777,0.20340099999999994,0.920048,0.716647,-0.00012487857142857135,2,1539.0,1119.0
1120,0.8113026404761905,0.05094403708040141,0.20340099999999994,0.920048,0.716647,-0.00010965238095238105,2,1540.0,1120.0
1121,0.8111777595238095,0.05097364355795183,0.20340099999999994,0.920048,0.716647,-0.00012488095238095238,2,1541.0,1121.0
1122,0.8110589714285714,0.050998525658373255,0.20340099999999994,0.920048,0.716647,-0.00012183333333333345,2,1542.0,1122.0
1123,0.8109493214285713,0.05101436409668889,0.20340099999999994,0.920048,0.716647,-0.00010355714285714267,2,1543.0,1123.0
1124,0.8108457642857142,0.05103169811620039,0.20340099999999994,0.920048,0.716647,-0.00011878809523809528,2,1544.0,1124.0
1125,0.8107208833333334,0.05104761986824243,0.20340099999999994,0.920048,0.716647,-0.00014315476190476187,2,1545.0,1125.0
1126,0.8105777285714286,0.05105473062907372,0.20340099999999994,0.920048,0.716647,-0.0001401095238095237,2,1546.0,1126.0
1127,0.8104315285714285,0.05106707016269452,0.20340099999999994,0.920048,0.716647,-0.00013097142857142872,2,1547.0,1127.0
1128,0.8103005571428571,0.05108596600967797,0.20340099999999994,0.920048,0.716647,-0.0001279238095238095,2,1548.0,1128.0
1129,0.8101726333333333,0.05110569340907819,0.20340099999999994,0.920048,0.716647,-0.00012487857142857135,2,1549.0,1129.0
1130,0.8100386166666665,0.05113271508431301,0.20340099999999994,0.920048,0.716647,-0.00012183333333333345,2,1550.0,1130.0
1131,0.8099228738095238,0.051158653052801664,0.20340099999999994,0.920048,0.716647,-0.00010355952380952369,2,1551.0,1131.0
1132,0.8098101785714286,0.0511935003654809,0.20340099999999994,0.920048,0.716647,-0.00010965000000000002,2,1552.0,1132.0
1133,0.8096852976190475,0.05124115300150191,0.20340099999999994,0.920048,0.716647,-0.00021016428571428582,2,1553.0,1133.0
1134,0.8094659976190476,0.05125561933065527,0.20340099999999994,0.920048,0.716647,-0.00022234523809523823,2,1554.0,1134.0
1135,0.8092375595238095,0.05127253817297168,0.20340099999999994,0.920048,0.716647,-0.0002649880952380953,2,1555.0,1135.0
1136,0.8089664809523809,0.05125747072273947,0.20340099999999994,0.920048,0.716647,-0.0003076285714285717,2,1556.0,1136.0
1137,0.808667988095238,0.05118329524596451,0.20340099999999994,0.920048,0.716647,-0.0002893547619047619,2,1557.0,1137.0
1138,0.8083877714285713,0.051111977108437796,0.20340099999999994,0.920048,0.716647,-0.0002771714285714285,2,1558.0,1138.0
1139,0.8081136452380953,0.05104062404348083,0.20340099999999994,0.920048,0.716647,-0.0002680357142857145,2,1559.0,1139.0
1140,0.8078425642857142,0.0509787182608321,0.20340099999999994,0.920048,0.716647,-0.0002710809523809524,2,1560.0,1140.0
1141,0.8075623452380953,0.05092369023158317,0.20340099999999994,0.920048,0.716647,-0.0002558523809523808,2,1561.0,1141.0
1142,0.8073156309523809,0.050889421174734516,0.20340099999999994,0.920048,0.716647,-0.00026194285714285716,2,1562.0,1142.0
1143,0.8070506428571429,0.05083792069336462,0.20340099999999994,0.920048,0.716647,-0.00028021666666666666,2,1563.0,1143.0
1144,0.8067886999999999,0.0507493010412623,0.20340099999999994,0.920048,0.716647,-0.00025585238095238107,2,1564.0,1144.0
1145,0.8065358952380952,0.05066553019388152,0.20340099999999994,0.920048,0.716647,-0.00023452857142857163,2,1565.0,1145.0
1146,0.8063013666666666,0.05060435228297899,0.20340099999999994,0.920048,0.716647,-0.00023452857142857163,2,1566.0,1146.0
1147,0.806066838095238,0.05054201205760342,0.20340099999999994,0.920048,0.716647,-0.00022539047619047638,2,1567.0,1147.0
1148,0.8058444928571428,0.05048746826724096,0.20340099999999994,0.920048,0.716647,-0.0002588952380952382,2,1568.0,1148.0
1149,0.8055886428571428,0.05038121096756372,0.20340099999999994,0.920048,0.716647,-0.0003076309523809524,2,1569.0,1149.0
1150,0.8052627380952381,0.050197984084432413,0.20340099999999994,0.920048,0.716647,-0.00030153809523809504,2,1570.0,1150.0
1151,0.8049490166666666,0.05006708492852563,0.20340099999999994,0.920048,0.716647,-0.0002619404761904761,2,1571.0,1151.0
1152,0.8046809833333333,0.05001858564147463,0.20340099999999994,0.920048,0.716647,-0.00022843809523809532,2,1572.0,1152.0
1153,0.804467773809524,0.05000077065209695,0.20340099999999994,0.920048,0.716647,-0.00033504285714285715,2,1573.0,1153.0
1154,0.8041570976190476,0.04978193597894621,0.20340099999999994,0.920048,0.716647,-0.0002893547619047619,2,1574.0,1154.0
1155,0.8038799261904762,0.04959496919745926,0.20340099999999994,0.920048,0.716647,-0.0002893547619047619,2,1575.0,1155.0
1156,0.8035936190476191,0.04938092285953795,0.20340099999999994,0.920048,0.716647,-0.0001949333333333332,2,1576.0,1156.0
1157,0.8033925928571429,0.04931259230101515,0.20340099999999994,0.920048,0.716647,-0.00014924761904761897,2,1577.0,1157.0
1158,0.8032220238095238,0.049307029356920246,0.20340099999999994,0.920048,0.716647,-0.00015838571428571422,2,1578.0,1158.0
1159,0.8030484095238096,0.04932102797019799,0.20340099999999994,0.920048,0.716647,-0.00018579761904761896,2,1579.0,1159.0
1160,0.8028565214285714,0.049330807819561326,0.20340099999999994,0.920048,0.716647,-0.0002162547619047619,2,1580.0,1160.0
1161,0.8026494023809524,0.04931098220784468,0.20340099999999994,0.920048,0.716647,-0.00021320952380952398,2,1581.0,1161.0
1162,0.8024270571428571,0.0492916063427066,0.20340099999999994,0.920048,0.716647,-0.00022843809523809532,2,1582.0,1162.0
1163,0.8022016642857144,0.04926215366629902,0.20340099999999994,0.920048,0.716647,-0.00022234523809523796,2,1583.0,1163.0
1164,0.8019762738095239,0.049237509222753564,0.20340099999999994,0.920048,0.716647,-0.00022234523809523823,2,1584.0,1164.0
1165,0.8017265142857142,0.04924143467932639,0.20340099999999994,0.920048,0.716647,-0.00026194285714285716,2,1585.0,1165.0
1166,0.8014645714285714,0.049230579144781676,0.20340099999999994,0.920048,0.716647,-0.0002588976190476192,2,1586.0,1166.0
1167,0.8012056738095239,0.049221841388087835,0.20340099999999994,0.920048,0.716647,-0.00025585238095238107,2,1587.0,1167.0
1168,0.800952869047619,0.04921199089453992,0.20340099999999994,0.920048,0.716647,-0.0002497571428571427,2,1588.0,1168.0
1169,0.8007031119047618,0.04920423036390411,0.20340099999999994,0.920048,0.716647,-0.00029849047619047615,2,1589.0,1169.0
1170,0.8004046214285714,0.04913115453948619,0.20340099999999994,0.920048,0.716647,-0.0003259047619047619,2,1590.0,1170.0
1171,0.8000787166666666,0.04901090151616133,0.20340099999999994,0.920048,0.716647,-0.0003259047619047619,2,1591.0,1171.0
1172,0.7997528119047619,0.04888818017315833,0.20340099999999994,0.920048,0.716647,-0.0003259047619047619,2,1592.0,1172.0
1173,0.7994299523809524,0.04875991917438923,0.20340099999999994,0.920048,0.716647,-0.00031981190476190453,2,1593.0,1173.0
1174,0.7991010023809523,0.04864399413403364,0.20340099999999994,0.920048,0.716647,-0.0003198142857142856,2,1594.0,1174.0
1175,0.798781188095238,0.04854152705674117,0.20340099999999994,0.920048,0.716647,-0.0003502714285714285,2,1595.0,1175.0
1176,0.7984400547619047,0.048371057313718095,0.20340099999999994,0.920048,0.716647,-0.0003898666666666667,2,1596.0,1176.0
1177,0.7980532333333333,0.04808671449077161,0.20340099999999994,0.920048,0.716647,-0.00039900476190476194,2,1597.0,1177.0
1178,0.7976450904761905,0.04777600645982204,0.2021219999999999,0.918769,0.716647,-0.0003898690476190477,2,1598.0,1178.0
1179,0.7972734976190476,0.04748830060373762,0.2021219999999999,0.918769,0.716647,-0.00035331666666666664,2,1599.0,1179.0
1180,0.7969902357142857,0.04720063721956022,0.2021219999999999,0.918769,0.716647,-0.00028021666666666693,2,1600.0,1180.0
1181,0.7966947880952381,0.046921068931470036,0.2021219999999999,0.918769,0.716647,-0.000286309523809524,2,1601.0,1181.0
1182,0.7963871595238096,0.046668383888430136,0.2021219999999999,0.918769,0.716647,-0.0003015380952380953,2,1602.0,1182.0
1183,0.7960978047619048,0.04641961851231167,0.2021219999999999,0.918769,0.716647,-0.0002771714285714285,2,1603.0,1183.0
1184,0.7957962666666666,0.046207138116213096,0.2021219999999999,0.918769,0.716647,-0.0002863071428571427,2,1604.0,1184.0
1185,0.7954855928571427,0.04604127032843103,0.2021219999999999,0.918769,0.716647,-0.00033199523809523826,2,1605.0,1185.0
1186,0.7951596880952382,0.045823441454496495,0.2021219999999999,0.918769,0.716647,-0.00029849285714285715,2,1606.0,1186.0
1187,0.7948672880952381,0.045653823210896186,0.2021219999999999,0.918769,0.716647,-0.00029240000000000006,2,1607.0,1187.0
1188,0.7945718404761904,0.045484042626018906,0.2021219999999999,0.918769,0.716647,-0.00028630952380952375,2,1608.0,1188.0
1189,0.7942916238095238,0.045324601140434025,0.2021219999999999,0.918769,0.716647,-0.0003259047619047619,2,1609.0,1189.0
1190,0.793956580952381,0.04507392348639879,0.2021219999999999,0.918769,0.716647,-0.0003472261904761906,2,1610.0,1190.0
1191,0.7936063095238095,0.0447926702048492,0.2021219999999999,0.918769,0.716647,-0.0002954452380952382,2,1611.0,1191.0
1192,0.7932895428571428,0.04464801495684056,0.2021219999999999,0.918769,0.716647,-0.00030458333333333325,2,1612.0,1192.0
1193,0.7930032357142857,0.04450669549698231,0.2021219999999999,0.918769,0.716647,-0.0002893547619047622,2,1613.0,1193.0
1194,0.7927077880952381,0.044362714188406455,0.2021219999999999,0.918769,0.716647,-0.00031676666666666665,2,1614.0,1194.0
1195,0.7923910214285714,0.04417353633484341,0.2021219999999999,0.918769,0.716647,-0.000359409523809524,2,1615.0,1195.0
1196,0.7920163833333334,0.0438966928377158,0.2021219999999999,0.918769,0.716647,-0.000331995238095238,2,1616.0,1196.0
1197,0.7916904785714285,0.043709089968160836,0.2021219999999999,0.918769,0.716647,-0.00031981428571428586,2,1617.0,1197.0
1198,0.7913676190476191,0.04353426662524284,0.2021219999999999,0.918769,0.716647,-0.0003868214285714285,2,1618.0,1198.0
1199,0.7909777523809524,0.04320372797115258,0.2021219999999999,0.918769,0.716647,-0.0003624547619047619,2,1619.0,1199.0
1200,0.7906183428571428,0.04293647082838475,0.2021219999999999,0.918769,0.716647,-0.0003380880952380951,2,1620.0,1200.0
1201,0.7902802547619048,0.04271623143249671,0.2021219999999999,0.918769,0.716647,-0.00034113333333333324,2,1621.0,1201.0
1202,0.7899360761904761,0.04248808868572018,0.2021219999999999,0.918769,0.716647,-0.00035331666666666664,2,1622.0,1202.0
1203,0.7895827595238095,0.04223364013462186,0.2021219999999999,0.918769,0.716647,-0.00039595952380952373,2,1623.0,1203.0
1204,0.7891868000000001,0.04185848661226924,0.2021219999999999,0.918769,0.716647,-0.0003715928571428572,2,1624.0,1204.0
1205,0.7888121619047619,0.04154887132828928,0.2021219999999999,0.918769,0.716647,-0.0003655000000000001,2,1625.0,1205.0
1206,0.7884436142857142,0.041261564028463996,0.2021219999999999,0.918769,0.716647,-0.0003563642857142856,2,1626.0,1206.0
1207,0.7880750666666667,0.04101493246530647,0.2021219999999999,0.918769,0.716647,-0.0003533190476190477,2,1627.0,1207.0
1208,0.7877278404761906,0.04079449005699502,0.2021219999999999,0.918769,0.716647,-0.00042337142857142853,2,1628.0,1208.0
1209,0.787304469047619,0.04035263589616036,0.19828400000000002,0.914931,0.716647,-0.0004142333333333335,2,1629.0,1209.0
1210,0.7868841428571428,0.03993835408766832,0.185492,0.902139,0.716647,-0.00038073095238095244,2,1630.0,1210.0
1211,0.7865034119047619,0.03963545159719601,0.185492,0.902139,0.716647,-0.000368547619047619,2,1631.0,1211.0
1212,0.7861318190476191,0.0393642169821735,0.185492,0.902139,0.716647,-0.00039291428571428585,2,1632.0,1212.0
1213,0.78574195,0.03902273016637837,0.17397799999999997,0.890625,0.716647,-0.00035940952380952374,2,1633.0,1213.0
1214,0.7853794952380951,0.038764873074638516,0.17397799999999997,0.890625,0.716647,-0.0003472261904761906,2,1634.0,1214.0
1215,0.785038361904762,0.03853447974164827,0.17397799999999997,0.890625,0.716647,-0.00034113333333333324,2,1635.0,1215.0
1216,0.784694180952381,0.038303295530362706,0.17397799999999997,0.890625,0.716647,-0.00034113571428571424,2,1636.0,1216.0
1217,0.7843682761904761,0.03805831925004051,0.17397799999999997,0.890625,0.716647,-0.0002954452380952382,2,1637.0,1217.0
1218,0.7840758761904763,0.03787925473256034,0.17397799999999997,0.890625,0.716647,-0.0003015380952380953,2,1638.0,1218.0
1219,0.78380175,0.03765271046933407,0.17397799999999997,0.890625,0.716647,-0.0002893547619047619,2,1639.0,1219.0
1220,0.783518488095238,0.03738115181844545,0.17397799999999997,0.890625,0.716647,-0.00026803333333333347,2,1640.0,1220.0
1221,0.7832565452380952,0.03713987749505851,0.17397799999999997,0.890625,0.716647,-0.0002528047619047619,2,1641.0,1221.0
1222,0.7830250619047618,0.03690775718497046,0.17397799999999997,0.890625,0.716647,-0.00021930000000000005,2,1642.0,1222.0
1223,0.782799669047619,0.0367025059877841,0.17397799999999997,0.890625,0.716647,-0.00018579761904761896,2,1643.0,1223.0
1224,0.7826108261904762,0.03657484301877947,0.17397799999999997,0.890625,0.716647,-0.00020711666666666661,2,1644.0,1224.0
1225,0.7824006642857144,0.03641263783834974,0.17397799999999997,0.890625,0.716647,-0.00015229285714285712,2,1645.0,1225.0
1226,0.7822483714285714,0.03634484054364516,0.17397799999999997,0.890625,0.716647,-0.0002010261904761903,2,1646.0,1226.0
1227,0.7820442999999999,0.03619874193184198,0.17397799999999997,0.890625,0.716647,-0.0002345285714285714,2,1647.0,1227.0
1228,0.7818371833333332,0.035978786955943226,0.17397799999999997,0.890625,0.716647,-0.0002710785714285714,2,1648.0,1228.0
1229,0.7815721952380952,0.035584263228888614,0.17397799999999997,0.890625,0.716647,-0.0002588976190476192,2,1649.0,1229.0
1230,0.7813285285714285,0.035202539604093266,0.17397799999999997,0.890625,0.716647,-0.00022843809523809532,2,1650.0,1230.0
1231,0.7810939976190476,0.03485970397802753,0.17397799999999997,0.890625,0.716647,-0.0002162547619047619,2,1651.0,1231.0
1232,0.7808807880952381,0.03456343780087016,0.17397799999999997,0.890625,0.716647,-0.00018884285714285714,2,1652.0,1232.0
1233,0.7806949928571428,0.034326339171912676,0.17397799999999997,0.890625,0.716647,-0.00012183333333333345,2,1653.0,1233.0
1234,0.7805701119047618,0.03421687962526475,0.17397799999999997,0.890625,0.716647,-8.52857142857142e-05,2,1654.0,1234.0
1235,0.7804848261904762,0.034162426099594655,0.17397799999999997,0.890625,0.716647,-8.52857142857142e-05,2,1655.0,1235.0
1236,0.7803995404761905,0.03410767238356426,0.17397799999999997,0.890625,0.716647,-8.52857142857142e-05,2,1656.0,1236.0
1237,0.7803081642857143,0.03405210607442603,0.17397799999999997,0.890625,0.716647,-7.614523809523818e-05,2,1657.0,1237.0
1238,0.7802228809523809,0.03401277536645142,0.17397799999999997,0.890625,0.716647,-8.2238095238095e-05,2,1658.0,1238.0
1239,0.7801375976190476,0.03397639557731492,0.17397799999999997,0.890625,0.716647,-8.223809523809528e-05,2,1659.0,1239.0
1240,0.7800370833333334,0.03394645370012137,0.17397799999999997,0.890625,0.716647,-9.44214285714287e-05,2,1660.0,1240.0
1241,0.7799518,0.03391918676940966,0.17397799999999997,0.890625,0.716647,-7.310000000000002e-05,2,1661.0,1241.0
1242,0.7798695619047619,0.03390353204037647,0.17397799999999997,0.890625,0.716647,-9.44214285714287e-05,2,1662.0,1242.0
1243,0.77976905,0.03388032221616715,0.17397799999999997,0.890625,0.716647,-0.00012487857142857135,2,1663.0,1243.0
1244,0.7796350333333333,0.03383622247320217,0.17397799999999997,0.890625,0.716647,-0.0001583833333333332,2,1664.0,1244.0
1245,0.7794736047619047,0.03376091772584693,0.17397799999999997,0.890625,0.716647,-0.00016447619047619055,2,1665.0,1245.0
1246,0.7792969452380952,0.033687490454234546,0.17397799999999997,0.890625,0.716647,-0.00017361190476190478,2,1666.0,1246.0
1247,0.7791233333333334,0.03361757443345502,0.17397799999999997,0.890625,0.716647,-0.00016447619047619055,2,1667.0,1247.0
1248,0.7789436285714285,0.033571504128042634,0.17397799999999997,0.890625,0.716647,-0.00017056666666666662,2,1668.0,1248.0
1249,0.7787821976190477,0.03352924584124097,0.17397799999999997,0.890625,0.716647,-0.00016143095238095237,2,1669.0,1249.0
1250,0.7786177214285714,0.033488476150631954,0.17397799999999997,0.890625,0.716647,-0.00012183333333333345,2,1670.0,1250.0
1251,0.7784806595238094,0.03350360053345766,0.17397799999999997,0.890625,0.716647,-0.00020711666666666661,2,1671.0,1251.0
1252,0.7782826809523808,0.03342608989437412,0.17397799999999997,0.890625,0.716647,-0.00018579523809523794,2,1672.0,1252.0
1253,0.7781060214285714,0.033359171159011235,0.17397799999999997,0.890625,0.716647,-0.00017056904761904765,2,1673.0,1253.0
1254,0.7779476357142858,0.03329217679959349,0.17397799999999997,0.890625,0.716647,-0.00017056904761904765,2,1674.0,1254.0
1255,0.7777922976190477,0.03319868062330323,0.17397799999999997,0.890625,0.716647,-0.00017361190476190478,2,1675.0,1255.0
1256,0.7776339142857143,0.03306864955573892,0.17397799999999997,0.890625,0.716647,-0.0001675214285714287,2,1676.0,1256.0
1257,0.7774785761904762,0.03291875850869407,0.17397799999999997,0.890625,0.716647,-0.00013097142857142844,2,1677.0,1257.0
1258,0.7773445595238095,0.03281181960475566,0.17397799999999997,0.890625,0.716647,-0.00011878809523809528,2,1678.0,1258.0
1259,0.7772410000000001,0.03272856885854576,0.17397799999999997,0.890625,0.716647,-7.614523809523818e-05,2,1679.0,1259.0
1260,0.7771709452380952,0.03268154619002612,0.17397799999999997,0.890625,0.716647,-8.52857142857142e-05,2,1680.0,1260.0
1261,0.7770765238095239,0.03261411710355917,0.17397799999999997,0.890625,0.716647,-0.00013097142857142844,2,1681.0,1261.0
1262,0.776933369047619,0.03248855704778433,0.17397799999999997,0.890625,0.716647,-0.0001340166666666666,2,1682.0,1262.0
1263,0.7768023976190477,0.03237787792086698,0.17397799999999997,0.890625,0.716647,-0.00012183333333333318,2,1683.0,1263.0
1264,0.7766683809523808,0.03228227526393981,0.17397799999999997,0.890625,0.716647,-0.00010965000000000002,2,1684.0,1264.0
1265,0.7765495928571426,0.032222780856294916,0.17397799999999997,0.890625,0.716647,-0.00015838333333333346,2,1685.0,1265.0
1266,0.7763820714285714,0.03210458829883596,0.17397799999999997,0.890625,0.716647,-0.00015229285714285712,2,1686.0,1266.0
1267,0.7762206428571428,0.03201526037021172,0.17397799999999997,0.890625,0.716647,-0.00016142857142857137,2,1687.0,1267.0
1268,0.7760531214285715,0.0319281474887571,0.17397799999999997,0.890625,0.716647,-0.0001401095238095237,2,1688.0,1268.0
1269,0.775916057142857,0.03187804908190216,0.17397799999999997,0.890625,0.716647,-0.0001401095238095237,2,1689.0,1269.0
1270,0.7757637642857144,0.03183078226196655,0.17397799999999997,0.890625,0.716647,-0.0001370642857142858,2,1690.0,1270.0
1271,0.7756236547619048,0.031803500766609996,0.17397799999999997,0.890625,0.716647,-0.00015838333333333346,2,1691.0,1271.0
1272,0.775459180952381,0.03175740900161453,0.17397799999999997,0.890625,0.716647,-0.00013097142857142844,2,1692.0,1272.0
1273,0.7753160261904762,0.03175981652080232,0.17397799999999997,0.890625,0.716647,-6.091666666666659e-05,2,1693.0,1273.0
1274,0.7752581547619047,0.031790894797430386,0.17397799999999997,0.890625,0.716647,-4.568809523809526e-05,2,1694.0,1274.0
1275,0.7752124666666665,0.031819008440692936,0.17397799999999997,0.890625,0.716647,-4.568809523809526e-05,2,1695.0,1275.0
1276,0.7751606857142858,0.03185284208671534,0.17397799999999997,0.890625,0.716647,-5.1780952380952356e-05,2,1696.0,1276.0
1277,0.7751180428571428,0.03187804787778203,0.17397799999999997,0.890625,0.716647,-2.4366666666666584e-05,2,1697.0,1277.0
1278,0.7751028142857143,0.03188794715620525,0.17397799999999997,0.890625,0.716647,-7.309999999999976e-05,2,1698.0,1278.0
1279,0.7750327595238093,0.031905276651016286,0.17397799999999997,0.890625,0.716647,-0.00017665952380952398,2,1699.0,1279.0
1280,0.7748378261904761,0.03183927372423021,0.17397799999999997,0.890625,0.716647,-0.00020711666666666661,2,1700.0,1280.0
1281,0.7746520285714285,0.031733958263966744,0.17397799999999997,0.890625,0.716647,-0.00017665952380952371,2,1701.0,1281.0
1282,0.7744723238095238,0.03164525693768799,0.17397799999999997,0.890625,0.716647,-0.00017665952380952398,2,1702.0,1282.0
1283,0.7742987095238094,0.03155835320928977,0.17397799999999997,0.890625,0.716647,-0.00016752142857142844,2,1703.0,1283.0
1284,0.7741250976190476,0.03148436425838635,0.17397799999999997,0.890625,0.716647,-0.00017361190476190453,2,1704.0,1284.0
1285,0.7739606238095238,0.03140317478326044,0.17397799999999997,0.890625,0.716647,-0.0001492452380952382,2,1705.0,1285.0
1286,0.7738144238095239,0.03134204115927852,0.17397799999999997,0.890625,0.716647,-0.00014010952380952396,2,1706.0,1286.0
1287,0.7736743142857142,0.031288428893066246,0.17397799999999997,0.890625,0.716647,-0.00014315476190476187,2,1707.0,1287.0
1288,0.7735311595238095,0.031229975915178787,0.17397799999999997,0.890625,0.716647,-0.00014315476190476187,2,1708.0,1288.0
1289,0.7733819119047619,0.031174344539324716,0.17397799999999997,0.890625,0.716647,-0.00014620238095238106,2,1709.0,1289.0
1290,0.7732418023809523,0.03111849607466662,0.17397799999999997,0.890625,0.716647,-0.00013706190476190478,2,1710.0,1290.0
1291,0.7730895119047618,0.031075775676138284,0.17397799999999997,0.890625,0.716647,-0.0001522904761904761,2,1711.0,1291.0
1292,0.7729402666666666,0.03103005175118581,0.17397799999999997,0.890625,0.716647,-0.00014924523809523794,2,1712.0,1292.0
1293,0.7727910214285714,0.03098354145682322,0.17397799999999997,0.890625,0.716647,-0.00014619999999999976,2,1713.0,1293.0
1294,0.772629592857143,0.030952365528316577,0.17397799999999997,0.890625,0.716647,-0.0001675214285714287,2,1714.0,1294.0
1295,0.7724437952380953,0.03093077346962893,0.17397799999999997,0.890625,0.716647,-0.00018884285714285714,2,1715.0,1295.0
1296,0.7722671357142858,0.03089091023059111,0.17397799999999997,0.890625,0.716647,-0.00017970476190476187,2,1716.0,1296.0
1297,0.7720722023809524,0.030861854115511872,0.17397799999999997,0.890625,0.716647,-0.00024062142857142848,2,1717.0,1297.0
1298,0.7718376714285715,0.030742384325795187,0.17397799999999997,0.890625,0.716647,-0.00023757619047619057,2,1718.0,1298.0
1299,0.7715940047619048,0.030620953421907748,0.17397799999999997,0.890625,0.716647,-0.00024062142857142848,2,1719.0,1299.0
1300,0.7713533833333334,0.030503700299787335,0.17397799999999997,0.890625,0.716647,-0.00024062142857142848,2,1720.0,1300.0
1301,0.7711188523809525,0.03037727301676948,0.17397799999999997,0.890625,0.716647,-0.00024366904761904766,2,1721.0,1301.0
1302,0.7708843214285716,0.03021872649146107,0.17397799999999997,0.890625,0.716647,-0.0002710809523809524,2,1722.0,1302.0
1303,0.7706254238095239,0.029952280877237992,0.17397799999999997,0.890625,0.716647,-0.0003198142857142856,2,1723.0,1303.0
1304,0.7703208380952381,0.029468033478548143,0.17397799999999997,0.890625,0.716647,-0.0003259047619047619,2,1724.0,1304.0
1305,0.7700071166666667,0.028881126457935218,0.16246499999999997,0.879112,0.716647,-0.00028630952380952375,2,1725.0,1305.0
1306,0.7697208071428572,0.028389974959287943,0.16118599999999994,0.877833,0.716647,-0.00028326428571428554,2,1726.0,1306.0
1307,0.7694436357142856,0.02789710939596841,0.16118599999999994,0.877833,0.716647,-0.00025889523809523795,2,1727.0,1307.0
1308,0.7691816952380952,0.027463351363702274,0.16118599999999994,0.877833,0.716647,-0.00025585000000000007,2,1728.0,1308.0
1309,0.7689319357142858,0.0270409225850493,0.16118599999999994,0.877833,0.716647,-0.0002741261904761903,2,1729.0,1309.0
1310,0.768651719047619,0.026515658885379927,0.15095199999999998,0.867599,0.716647,-0.00019797857142857137,2,1730.0,1310.0
1311,0.7684506928571427,0.02626790612440255,0.15095199999999998,0.867599,0.716647,-0.00016752142857142844,2,1731.0,1311.0
1312,0.7682801261904761,0.026104828606906817,0.15095199999999998,0.867599,0.716647,-0.00013097142857142844,2,1732.0,1312.0
1313,0.7681522,0.02601887805435928,0.15095199999999998,0.867599,0.716647,-0.00010965238095238078,2,1733.0,1313.0
1314,0.7680395023809524,0.025961842103409672,0.15095199999999998,0.867599,0.716647,-0.00013097142857142844,2,1734.0,1314.0
1315,0.7679054857142857,0.025876657331275844,0.15095199999999998,0.867599,0.716647,-0.00015229285714285712,2,1735.0,1315.0
1316,0.7677562380952382,0.025754706266372367,0.15095199999999998,0.867599,0.716647,-0.0001736142857142858,2,1736.0,1316.0
1317,0.7675765333333334,0.025578993973130768,0.15095199999999998,0.867599,0.716647,-0.0001705666666666669,2,1737.0,1317.0
1318,0.7674211952380953,0.02541728963501918,0.15095199999999998,0.867599,0.716647,-0.00015533809523809528,2,1738.0,1318.0
1319,0.7672689023809524,0.0252529665560022,0.15095199999999998,0.867599,0.716647,-0.0001583833333333332,2,1739.0,1319.0
1320,0.7671196571428571,0.02507096076893917,0.15095199999999998,0.867599,0.716647,-0.0001401095238095237,2,1740.0,1320.0
1321,0.7669704095238095,0.02490972918127917,0.15095199999999998,0.867599,0.716647,-0.00013706428571428554,2,1741.0,1321.0
1322,0.7668363904761905,0.024773671394002227,0.15095199999999998,0.867599,0.716647,-0.00012488095238095238,2,1742.0,1322.0
1323,0.7666901904761904,0.024661504529797904,0.15095199999999998,0.867599,0.716647,-0.00014010714285714294,2,1743.0,1323.0
1324,0.7665622666666667,0.02455556331417603,0.15095199999999998,0.867599,0.716647,-0.00012183333333333345,2,1744.0,1324.0
1325,0.7664434785714287,0.02445928381523675,0.15095199999999998,0.867599,0.716647,-0.00010965000000000002,2,1745.0,1325.0
1326,0.7663277357142857,0.024379739140449053,0.15095199999999998,0.867599,0.716647,-0.00011269761904761895,2,1746.0,1326.0
1327,0.7662302690476192,0.02430186448719118,0.15095199999999998,0.867599,0.716647,-9.442142857142844e-05,2,1747.0,1327.0
1328,0.7661388928571429,0.02422827261575373,0.15095199999999998,0.867599,0.716647,-9.137619047619027e-05,2,1748.0,1328.0
1329,0.7660749285714286,0.024161183810571682,0.15095199999999998,0.867599,0.716647,-4.873333333333317e-05,2,1749.0,1329.0
1330,0.766050561904762,0.02413359629464358,0.15095199999999998,0.867599,0.716647,-3.0459523809523674e-05,2,1750.0,1330.0
1331,0.7660292404761905,0.024106581650321136,0.15095199999999998,0.867599,0.716647,-1.5228571428571327e-05,2,1751.0,1331.0
1332,0.7660109666666667,0.024084845298767345,0.15095199999999998,0.867599,0.716647,-2.1321428571428683e-05,2,1752.0,1332.0
1333,0.7659744142857144,0.024045155915679142,0.15095199999999998,0.867599,0.716647,-1.2183333333333424e-05,2,1753.0,1333.0
1334,0.7659530952380953,0.024028194777335986,0.15095199999999998,0.867599,0.716647,-3.350238095238082e-05,2,1754.0,1334.0
1335,0.7659226380952381,0.023999851761892912,0.15095199999999998,0.867599,0.716647,-2.7411904761905016e-05,2,1755.0,1335.0
1336,0.7658952261904763,0.023975012057075862,0.15095199999999998,0.867599,0.716647,-1.8273809523809758e-05,2,1756.0,1336.0
1337,0.7658799976190477,0.02396200095871028,0.15095199999999998,0.867599,0.716647,-1.8276190476190514e-05,2,1757.0,1337.0
1338,0.7658464928571429,0.02393689663414534,0.15095199999999998,0.867599,0.716647,-2.4366666666666584e-05,2,1758.0,1338.0
1339,0.7658221261904762,0.02392054811017546,0.15095199999999998,0.867599,0.716647,-2.4366666666666584e-05,2,1759.0,1339.0
1340,0.7658008047619047,0.0239056428438176,0.15095199999999998,0.867599,0.716647,-3.0452380952379026e-06,2,1760.0,1340.0
1341,0.7658008047619048,0.0239056428438176,0.15095199999999998,0.867599,0.716647,-6.09285714285709e-06,2,1761.0,1341.0
1342,0.7658099428571429,0.023912523480417044,0.15095199999999998,0.867599,0.716647,3.350476190476184e-05,2,1762.0,1342.0
1343,0.7658464928571429,0.0239331526553887,0.15095199999999998,0.867599,0.716647,3.0459523809523674e-05,2,1763.0,1343.0
1344,0.7658830428571429,0.023957611125606456,0.15095199999999998,0.867599,0.716647,4.2640476190476345e-05,2,1764.0,1344.0
1345,0.765931776190476,0.02399009802392496,0.15095199999999998,0.867599,0.716647,5.4826190476190525e-05,2,1765.0,1345.0
1346,0.7659957404761905,0.024034223659919376,0.15095199999999998,0.867599,0.716647,7.005476190476185e-05,2,1766.0,1346.0
1347,0.7660718857142856,0.024086425443771587,0.15095199999999998,0.867599,0.716647,7.614523809523793e-05,2,1767.0,1347.0
1348,0.7661449857142857,0.024134270429348775,0.15095199999999998,0.867599,0.716647,7.005476190476185e-05,2,1768.0,1348.0
1349,0.7662059023809523,0.024170675586485724,0.15095199999999998,0.867599,0.716647,7.005476190476212e-05,2,1769.0,1349.0
1350,0.7662698666666667,0.02420022691985962,0.15095199999999998,0.867599,0.716647,7.005476190476185e-05,2,1770.0,1350.0
1351,0.7663429666666668,0.0242318189836428,0.15095199999999998,0.867599,0.716647,9.44214285714287e-05,2,1771.0,1351.0
1352,0.7664465261904763,0.024265210982996086,0.15095199999999998,0.867599,0.716647,7.614761904761921e-05,2,1772.0,1352.0
1353,0.7665135357142858,0.024297143747796887,0.15095199999999998,0.867599,0.716647,6.396190476190475e-05,2,1773.0,1353.0
1354,0.7665744523809525,0.024325977721555963,0.15095199999999998,0.867599,0.716647,6.396428571428578e-05,2,1774.0,1354.0
1355,0.7666292785714286,0.024346007297981125,0.15095199999999998,0.867599,0.716647,5.1778571428571336e-05,2,1775.0,1355.0
1356,0.7666871476190477,0.024371553834280985,0.15095199999999998,0.867599,0.716647,6.0916666666666855e-05,2,1776.0,1356.0
1357,0.766751111904762,0.02439960032350942,0.15095199999999998,0.867599,0.716647,7.919285714285711e-05,2,1777.0,1357.0
1358,0.7668424880952381,0.02443692876565051,0.15095199999999998,0.867599,0.716647,8.528333333333345e-05,2,1778.0,1358.0
1359,0.7669338619047619,0.02448340852019269,0.15095199999999998,0.867599,0.716647,9.137380952380951e-05,2,1779.0,1359.0
1360,0.7670160976190477,0.024518438004071913,0.15095199999999998,0.867599,0.716647,8.223571428571425e-05,2,1780.0,1360.0
1361,0.7670922428571428,0.024546615761077386,0.15095199999999998,0.867599,0.716647,8.223809523809528e-05,2,1781.0,1361.0
1362,0.7671927571428572,0.02459385947302935,0.15095199999999998,0.867599,0.716647,0.00010965238095238105,2,1782.0,1362.0
1363,0.7673176380952381,0.02465833727242073,0.15095199999999998,0.867599,0.716647,0.00011878809523809528,2,1783.0,1363.0
1364,0.7674486095238097,0.024745423335194822,0.15095199999999998,0.867599,0.716647,0.00013097142857142872,2,1784.0,1364.0
1365,0.7676039476190477,0.02487939005065225,0.15095199999999998,0.867599,0.716647,0.00016447619047619055,2,1785.0,1365.0
1366,0.7677653785714286,0.025000314052827755,0.15095199999999998,0.867599,0.716647,0.00015838571428571422,2,1786.0,1366.0
1367,0.7679207166666667,0.025115141708182798,0.15095199999999998,0.867599,0.716647,0.00015838333333333346,2,1787.0,1367.0
1368,0.7680669166666666,0.02520331871458141,0.15095199999999998,0.867599,0.716647,0.00014620000000000003,2,1788.0,1368.0
1369,0.7682192095238095,0.025301647629935746,0.15095199999999998,0.867599,0.716647,0.00016447619047619028,2,1789.0,1369.0
1370,0.7683654095238095,0.025357973378893492,0.15095199999999998,0.867599,0.716647,0.00014315476190476212,2,1790.0,1370.0
1371,0.7684811523809523,0.025378553562119165,0.15095199999999998,0.867599,0.716647,0.00012487857142857135,2,1791.0,1371.0
1372,0.768599938095238,0.025384148337120344,0.15095199999999998,0.867599,0.716647,0.00012183333333333318,2,1792.0,1372.0
1373,0.768724819047619,0.025389429622067583,0.15095199999999998,0.867599,0.716647,0.00012792619047619053,2,1793.0,1373.0
1374,0.7688496976190476,0.02538780272645928,0.15095199999999998,0.867599,0.716647,0.00012183333333333318,2,1794.0,1374.0
1375,0.7689502119047618,0.02537084809495885,0.15095199999999998,0.867599,0.716647,0.00010051428571428553,2,1795.0,1375.0
1376,0.7690385428571428,0.025346695663773858,0.15095199999999998,0.867599,0.716647,8.223809523809528e-05,2,1796.0,1376.0
1377,0.7691116428571427,0.02532461160010669,0.15095199999999998,0.867599,0.716647,7.005476190476185e-05,2,1797.0,1377.0
1378,0.7691938809523808,0.02530988456729183,0.15095199999999998,0.867599,0.716647,9.137619047619027e-05,2,1798.0,1378.0
1379,0.7692913476190475,0.025289606618758266,0.15095199999999998,0.867599,0.716647,7.310000000000002e-05,2,1799.0,1379.0
1380,0.7693827238095239,0.0253025998015808,0.15095199999999998,0.867599,0.716647,0.00010660476190476185,2,1800.0,1380.0
1381,0.7695015119047619,0.025315987336113104,0.15095199999999998,0.867599,0.716647,9.74666666666666e-05,2,1801.0,1381.0
1382,0.7696081166666665,0.025354430315189837,0.15095199999999998,0.867599,0.716647,0.00012183333333333318,2,1802.0,1382.0
1383,0.7697208119047618,0.02537180144814601,0.15095199999999998,0.867599,0.716647,0.00010355952380952369,2,1803.0,1383.0
1384,0.769848738095238,0.025426321802190514,0.15095199999999998,0.867599,0.716647,0.0001340166666666666,2,1804.0,1384.0
1385,0.7699827547619047,0.025475896611715364,0.15095199999999998,0.867599,0.716647,0.00013706190476190478,2,1805.0,1385.0
1386,0.7701380928571427,0.025551810071349736,0.15095199999999998,0.867599,0.716647,0.00015229285714285712,2,1806.0,1386.0
1387,0.7703025690476191,0.025651431804602734,0.15095199999999998,0.867599,0.716647,0.00016752142857142844,2,1807.0,1387.0
1388,0.7704853190476191,0.025778582531372433,0.15095199999999998,0.867599,0.716647,0.00018275000000000005,2,1808.0,1388.0
1389,0.7706832976190476,0.025938590970735805,0.15095199999999998,0.867599,0.716647,0.00020711666666666661,2,1809.0,1389.0
1390,0.7708904142857143,0.026088097432222405,0.15095199999999998,0.867599,0.716647,0.0002132095238095237,2,1810.0,1390.0
1391,0.7711036238095238,0.026229005928667972,0.15095199999999998,0.867599,0.716647,0.0002101619047619048,2,1811.0,1391.0
1392,0.7713016023809524,0.02634321547077194,0.15095199999999998,0.867599,0.716647,0.0002010261904761903,2,1812.0,1392.0
1393,0.7714965380952381,0.026439595520571145,0.15095199999999998,0.867599,0.716647,0.0001979809523809524,2,1813.0,1393.0
1394,0.7716731976190477,0.02649129839519625,0.15095199999999998,0.867599,0.716647,0.00017970476190476187,2,1814.0,1394.0
1395,0.771849857142857,0.02653321046912038,0.15095199999999998,0.867599,0.716647,0.00018579761904761923,2,1815.0,1395.0
1396,0.7720265166666666,0.026548355302249593,0.15095199999999998,0.867599,0.716647,0.0001736142857142858,2,1816.0,1396.0
1397,0.7721940380952381,0.026557586704017477,0.15095199999999998,0.867599,0.716647,0.00016447380952380953,2,1817.0,1397.0
1398,0.7723371928571429,0.026543950378452683,0.15095199999999998,0.867599,0.716647,0.0001492476190476192,2,1818.0,1398.0
1399,0.7724773023809524,0.02651295205584826,0.15095199999999998,0.867599,0.716647,0.00014620000000000003,2,1819.0,1399.0
1400,0.7726143642857142,0.026465318600246132,0.15095199999999998,0.867599,0.716647,0.00016142857142857137,2,1820.0,1400.0
1401,0.7727727476190477,0.026374736521060288,0.15095199999999998,0.867599,0.716647,0.0001370642857142858,2,1821.0,1401.0
1402,0.772903719047619,0.02631479470576922,0.15095199999999998,0.867599,0.716647,0.00011574047619047609,2,1822.0,1402.0
1403,0.7730103214285714,0.026270615341172095,0.15095199999999998,0.867599,0.716647,0.00010660238095238084,2,1823.0,1403.0
1404,0.7731108333333333,0.026223593260483388,0.15095199999999998,0.867599,0.716647,0.00010355952380952369,2,1824.0,1404.0
1405,0.7732022095238096,0.026169271013354298,0.15095199999999998,0.867599,0.716647,9.44214285714287e-05,2,1825.0,1405.0
1406,0.7732996761904763,0.02611085102103657,0.15095199999999998,0.867599,0.716647,0.00010660476190476212,2,1826.0,1406.0
1407,0.7734001904761905,0.026037742751389342,0.15095199999999998,0.867599,0.716647,9.74666666666666e-05,2,1827.0,1407.0
1408,0.7734976571428571,0.02596868519402279,0.15095199999999998,0.867599,0.716647,9.74666666666666e-05,2,1828.0,1408.0
1409,0.7736103523809523,0.0259020684162963,0.15095199999999998,0.867599,0.716647,0.00011878809523809501,2,1829.0,1409.0
1410,0.7737260952380953,0.02582436017582874,0.15095199999999998,0.867599,0.716647,0.00011878809523809528,2,1830.0,1410.0
1411,0.7738448833333333,0.025740871447734043,0.15095199999999998,0.867599,0.716647,0.00012488095238095238,2,1831.0,1411.0
1412,0.7739697642857143,0.025645984678088,0.15095199999999998,0.867599,0.716647,0.00012792619047619053,2,1832.0,1412.0
1413,0.7740915976190477,0.025543334476597363,0.15095199999999998,0.867599,0.716647,0.00012487857142857162,2,1833.0,1413.0
1414,0.7742134309523808,0.025433560621136823,0.15095199999999998,0.867599,0.716647,0.00012183333333333345,2,1834.0,1414.0
1415,0.7743352642857142,0.025322724751348023,0.15095199999999998,0.867599,0.716647,0.00012183333333333345,2,1835.0,1415.0
1416,0.7744479595238095,0.025210667702020406,0.15095199999999998,0.867599,0.716647,0.0001279238095238095,2,1836.0,1416.0
1417,0.7745789285714285,0.025065810456431584,0.15095199999999998,0.867599,0.716647,0.00013706190476190478,2,1837.0,1417.0
1418,0.7746977166666666,0.024908712395239736,0.140718,0.867599,0.726881,9.44214285714287e-05,2,1838.0,1418.0
1419,0.7748073666666666,0.02479910150693508,0.13176299999999996,0.867599,0.735836,7.005476190476185e-05,2,1839.0,1419.0
1420,0.7748774214285715,0.024752107589263852,0.13176299999999996,0.867599,0.735836,7.310000000000002e-05,2,1840.0,1420.0
1421,0.7749718428571429,0.024702986269719954,0.13176299999999996,0.867599,0.735836,-2.1321428571428683e-05,2,1841.0,1421.0
1422,0.7750205761904763,0.024754386193569525,0.13176299999999996,0.867599,0.735836,3.35047619047621e-05,2,1842.0,1422.0
1423,0.7750358047619048,0.0247700130403483,0.13176299999999996,0.867599,0.735836,-2.7414285714285773e-05,2,1843.0,1423.0
1424,0.7749596571428572,0.02469562511451643,0.13176299999999996,0.867599,0.735836,-9.137619047619053e-05,2,1844.0,1424.0
1425,0.7748652357142857,0.024592924935729763,0.13176299999999996,0.867599,0.735836,-3.045238095238167e-06,2,1845.0,1425.0
1426,0.774846961904762,0.024589600000493355,0.13176299999999996,0.867599,0.735836,-6.396190476190475e-05,2,1846.0,1426.0
1427,0.7747586333333334,0.02455723100963937,0.13176299999999996,0.867599,0.735836,-0.00014315476190476187,2,1847.0,1427.0
1428,0.774621569047619,0.024434633791724985,0.13176299999999996,0.867599,0.735836,-0.0001370642857142858,2,1848.0,1428.0
1429,0.7744875499999999,0.024309890297589443,0.13176299999999996,0.867599,0.735836,-0.00017056904761904765,2,1849.0,1429.0
1430,0.7743322119047619,0.024093561359246226,0.13176299999999996,0.867599,0.735836,-0.00019797857142857137,2,1850.0,1430.0
1431,0.7741525071428571,0.023742964056094527,0.13176299999999996,0.867599,0.735836,-0.00018579761904761923,2,1851.0,1431.0
1432,0.7739697547619049,0.0233646081889509,0.13176299999999996,0.867599,0.735836,-0.0001979809523809524,2,1852.0,1432.0
1433,0.7737717738095239,0.022918434004795596,0.13048399999999993,0.86632,0.735836,-0.0001949357142857142,2,1853.0,1433.0
1434,0.7735890214285713,0.02248158675835294,0.12664599999999993,0.862482,0.735836,-0.00017361428571428553,2,1854.0,1434.0
1435,0.7734215000000001,0.022077077759899897,0.11769099999999999,0.853527,0.735836,-0.00014620000000000003,2,1855.0,1435.0
1436,0.7732783452380952,0.021749691529555325,0.11257399999999995,0.84841,0.735836,-0.00013097142857142844,2,1856.0,1436.0
1437,0.7731351904761904,0.021450521208273142,0.10873599999999994,0.844572,0.735836,-0.00012183333333333318,2,1857.0,1437.0
1438,0.7730133571428571,0.021217547018717704,0.10873599999999994,0.844572,0.735836,-0.0001340166666666666,2,1858.0,1438.0
1439,0.7729433047619048,0.021028903173681515,0.10745699999999991,0.843293,0.735836,-5.78690476190474e-05,2,1859.0,1439.0
1440,0.7728945714285714,0.020898018910599038,0.10745699999999991,0.843293,0.735836,-5.787142857142842e-05,2,1860.0,1440.0
1441,0.7727879666666668,0.020651376128223636,0.09722299999999995,0.833059,0.735836,-7.614761904761921e-05,2,1861.0,1441.0
1442,0.7726813619047619,0.020467929173930248,0.09722299999999995,0.833059,0.735836,-7.614523809523818e-05,2,1862.0,1442.0
1443,0.7725930333333334,0.020353153535434848,0.09722299999999995,0.833059,0.735836,-8.832857142857134e-05,2,1863.0,1443.0
1444,0.77250775,0.020238657065763905,0.09722299999999995,0.833059,0.735836,-6.396190476190502e-05,2,1864.0,1444.0
1445,0.7724437880952382,0.02016632814502222,0.09722299999999995,0.833059,0.735836,-8.223809523809528e-05,2,1865.0,1445.0
1446,0.7723585047619047,0.02005556955923255,0.09722299999999995,0.833059,0.735836,-8.528333333333317e-05,2,1866.0,1446.0
1447,0.7722762666666667,0.019945201525210766,0.09722299999999995,0.833059,0.735836,-7.919285714285737e-05,2,1867.0,1447.0
1448,0.7721848904761904,0.01983618594549353,0.09722299999999995,0.833059,0.735836,-9.137619047619053e-05,2,1868.0,1448.0
1449,0.7721239714285715,0.01974321274210801,0.09722299999999995,0.833059,0.735836,-5.482619047619026e-05,2,1869.0,1449.0
1450,0.7720325952380952,0.019644273704786053,0.09722299999999995,0.833059,0.735836,-7.005476190476185e-05,2,1870.0,1450.0
1451,0.77202955,0.019639472884737948,0.09722299999999995,0.833059,0.735836,-9.138095238095257e-06,2,1871.0,1451.0
1452,0.77210265,0.019822786296844277,0.10106099999999996,0.836897,0.735836,7.310000000000002e-05,2,1872.0,1452.0
1453,0.772169657142857,0.019984819503016865,0.10106099999999996,0.836897,0.735836,8.528333333333345e-05,2,1873.0,1453.0
1454,0.7722305738095238,0.020103683267401043,0.10106099999999996,0.836897,0.735836,7.005476190476185e-05,2,1874.0,1454.0
1455,0.7723310880952381,0.020320050836183857,0.10106099999999996,0.836897,0.735836,0.00010355952380952369,2,1875.0,1455.0
1456,0.7723950523809524,0.0204282732199674,0.10106099999999996,0.836897,0.735836,6.396428571428552e-05,2,1876.0,1456.0
1457,0.7724529238095237,0.020521915717776652,0.10106099999999996,0.836897,0.735836,6.700952380952368e-05,2,1877.0,1457.0
1458,0.7725351619047619,0.020659068954323692,0.10106099999999996,0.836897,0.735836,8.2238095238095e-05,2,1878.0,1458.0
1459,0.7726478595238094,0.020879582484463248,0.10106099999999996,0.836897,0.735836,0.00011878809523809528,2,1879.0,1459.0
1460,0.7727696928571428,0.021111014500976147,0.10233999999999999,0.838176,0.735836,0.00011878809523809528,2,1880.0,1460.0
1461,0.772897619047619,0.021365896721458194,0.106178,0.842014,0.735836,0.00014010952380952396,2,1881.0,1461.0
1462,0.7730956,0.021840135943061997,0.13048399999999993,0.86632,0.735836,0.00020102619047619055,2,1882.0,1462.0
1463,0.7733544952380953,0.022574961409711807,0.15478899999999995,0.890625,0.735836,0.0002528047619047619,2,1883.0,1463.0
1464,0.7736316666666666,0.023408699019266385,0.16502299999999992,0.900859,0.735836,0.00028021666666666666,2,1884.0,1464.0
1465,0.7739971666666666,0.024716645488238684,0.20084199999999996,0.936678,0.735836,0.00036854523809523826,2,1885.0,1465.0
1466,0.7743687595238096,0.025973711832429264,0.2021219999999999,0.937958,0.735836,0.0003746380952380951,2,1886.0,1466.0
1467,0.7746642047619048,0.026737524591515238,0.2021219999999999,0.937958,0.735836,0.00029544523809523794,2,1887.0,1467.0
1468,0.7749596500000001,0.027476938701978097,0.2021219999999999,0.937958,0.735836,0.00029544523809523794,2,1888.0,1468.0
1469,0.7752368214285714,0.02811233978055117,0.2021219999999999,0.937958,0.735836,0.00028326428571428554,2,1889.0,1469.0
1470,0.7755079023809525,0.02868134505600152,0.2021219999999999,0.937958,0.735836,0.00027108095238095214,2,1890.0,1470.0
1471,0.7757607071428573,0.029166483544635146,0.2021219999999999,0.937958,0.735836,0.0002467119047619048,2,1891.0,1471.0
1472,0.776034830952381,0.02974605274986268,0.2021219999999999,0.937958,0.735836,0.00028630714285714297,2,1892.0,1472.0
1473,0.7763028642857142,0.030242998186091975,0.2021219999999999,0.937958,0.735836,0.00026803333333333347,2,1893.0,1473.0
1474,0.7765678523809524,0.0307185833310054,0.2021219999999999,0.937958,0.735836,0.00026803571428571425,2,1894.0,1474.0
1475,0.7768206571428572,0.031132284205223838,0.2021219999999999,0.937958,0.735836,0.00025585000000000007,2,1895.0,1475.0
1476,0.7770643238095238,0.03149924595091285,0.2021219999999999,0.937958,0.735836,0.00024366666666666664,2,1896.0,1476.0
1477,0.7773079904761905,0.031860118082462925,0.2021219999999999,0.937958,0.735836,0.00023757380952380954,2,1897.0,1477.0
1478,0.7775303357142856,0.03217101627092254,0.2021219999999999,0.937958,0.735836,0.00021930000000000005,2,1898.0,1478.0
1479,0.7777344071428572,0.0324363082916931,0.2021219999999999,0.937958,0.735836,0.0002010261904761903,2,1899.0,1479.0
1480,0.7779262952380952,0.032675122227970844,0.2021219999999999,0.937958,0.735836,0.00017970476190476187,2,1900.0,1480.0
1481,0.778106,0.032910160042657545,0.2021219999999999,0.937958,0.735836,0.00018275000000000005,2,1901.0,1481.0
1482,0.778261338095238,0.03308117833674605,0.2021219999999999,0.937958,0.735836,0.00014924761904761897,2,1902.0,1482.0
1483,0.7784532261904762,0.0333491572026552,0.2021219999999999,0.937958,0.735836,0.00020102380952380955,2,1903.0,1483.0
1484,0.7786237928571429,0.03354239102158919,0.2021219999999999,0.937958,0.735836,0.00016143095238095237,2,1904.0,1484.0
1485,0.7787669476190477,0.033694894596703676,0.2021219999999999,0.937958,0.735836,0.0001522904761904761,2,1905.0,1485.0
1486,0.7789222857142856,0.03385304938201616,0.2021219999999999,0.937958,0.735836,0.00016143095238095237,2,1906.0,1486.0
1487,0.7790837166666665,0.03400980399158326,0.2021219999999999,0.937958,0.735836,0.00016447619047619055,2,1907.0,1487.0
1488,0.7792664666666667,0.03420256443297412,0.2021219999999999,0.937958,0.735836,0.0001918880952380953,2,1908.0,1488.0
1489,0.7795040428571428,0.034502984105285614,0.2021219999999999,0.937958,0.735836,0.00023757619047619057,2,1909.0,1489.0
1490,0.7797324809523808,0.0347752684628591,0.2021219999999999,0.937958,0.735836,0.00023148333333333348,2,1910.0,1490.0
1491,0.7799548261904761,0.03502058809425406,0.2021219999999999,0.937958,0.735836,0.00023148333333333348,2,1911.0,1491.0
1492,0.7801741261904761,0.03523164335097451,0.2021219999999999,0.937958,0.735836,0.0002253904761904761,2,1912.0,1492.0
1493,0.7803873333333333,0.03541123088887308,0.2021219999999999,0.937958,0.735836,0.0002162547619047619,2,1913.0,1493.0
1494,0.7805914047619047,0.035562728326330055,0.2021219999999999,0.937958,0.735836,0.00021320714285714295,2,1914.0,1494.0
1495,0.7807924285714285,0.03568498341295668,0.2021219999999999,0.937958,0.735836,0.00019797857142857137,2,1915.0,1495.0
1496,0.7809965,0.03581844563871818,0.2021219999999999,0.937958,0.735836,0.00020407142857142846,2,1916.0,1496.0
1497,0.7811731595238095,0.03590433189822483,0.2021219999999999,0.937958,0.735836,0.00017361428571428553,2,1917.0,1497.0
1498,0.7813102238095239,0.0359434085938597,0.2021219999999999,0.937958,0.735836,0.00015838571428571422,2,1918.0,1498.0
1499,0.7814777452380952,0.035978488945007804,0.2021219999999999,0.937958,0.735836,0.00015533809523809503,2,1919.0,1499.0
1500,0.7816422214285713,0.03603258423071854,0.2021219999999999,0.937958,0.735836,0.00016752142857142844,2,1920.0,1500.0
1501,0.7818066976190476,0.03608001872216669,0.2021219999999999,0.937958,0.735836,0.0001675214285714287,2,1921.0,1501.0
1502,0.7819711738095239,0.0361208186605767,0.2021219999999999,0.937958,0.735836,0.00016447619047619055,2,1922.0,1502.0
1503,0.782120419047619,0.03614394830252816,0.2021219999999999,0.937958,0.735836,0.00015229047619047637,2,1923.0,1503.0
1504,0.7822757571428572,0.03616735455369177,0.2021219999999999,0.937958,0.735836,0.00015533809523809528,2,1924.0,1504.0
1505,0.7824341404761905,0.03619331618330313,0.2021219999999999,0.937958,0.735836,0.0001736142857142858,2,1925.0,1505.0
1506,0.7826047095238096,0.03620240152500284,0.2021219999999999,0.937958,0.735836,0.00015838571428571422,2,1926.0,1506.0
1507,0.7827661404761904,0.03622451235613518,0.2021219999999999,0.937958,0.735836,0.00017056666666666662,2,1927.0,1507.0
1508,0.7829367071428571,0.036238049758932966,0.2021219999999999,0.937958,0.735836,0.00016447619047619055,2,1928.0,1508.0
1509,0.7831011833333333,0.036256141569226824,0.2021219999999999,0.937958,0.735836,0.00017056666666666662,2,1929.0,1509.0
1510,0.7832595666666666,0.036256089693783175,0.2021219999999999,0.937958,0.735836,0.00016447619047619028,2,1930.0,1510.0
1511,0.783433180952381,0.03625830014888045,0.2021219999999999,0.937958,0.735836,0.00017361428571428553,2,1931.0,1511.0
1512,0.7836098404761904,0.0362628115200523,0.2021219999999999,0.937958,0.735836,0.0001736142857142858,2,1932.0,1512.0
1513,0.7837834547619048,0.03626946745418049,0.2021219999999999,0.937958,0.735836,0.00017665952380952371,2,1933.0,1513.0
1514,0.7839448857142857,0.03625782800991342,0.2021219999999999,0.937958,0.735836,0.00016143095238095237,2,1934.0,1514.0
1515,0.7840971785714287,0.03623812112835529,0.2021219999999999,0.937958,0.735836,0.00014315476190476187,2,1935.0,1515.0
1516,0.7842525166666666,0.03623654856760753,0.2021219999999999,0.937958,0.735836,0.00014620000000000003,2,1936.0,1516.0
1517,0.7843895785714285,0.0362346079532369,0.2021219999999999,0.937958,0.735836,0.00012487857142857135,2,1937.0,1517.0
1518,0.7845175023809523,0.03624361811707905,0.2021219999999999,0.937958,0.735836,9.442142857142844e-05,2,1938.0,1518.0
1519,0.7846088785714285,0.03626589537984581,0.2021219999999999,0.937958,0.735836,7.919285714285711e-05,2,1939.0,1519.0
1520,0.7846728428571428,0.03628021716326132,0.2021219999999999,0.937958,0.735836,5.787142857142869e-05,2,1940.0,1520.0
1521,0.7847307142857142,0.03629511291245546,0.2021219999999999,0.937958,0.735836,4.568809523809526e-05,2,1941.0,1521.0
1522,0.7847794476190475,0.0363118725043348,0.2021219999999999,0.937958,0.735836,5.17785714285716e-05,2,1942.0,1522.0
1523,0.784822088095238,0.03632347344374475,0.2021219999999999,0.937958,0.735836,5.787142857142869e-05,2,1943.0,1523.0
1524,0.784873869047619,0.03633110792144272,0.2021219999999999,0.937958,0.735836,4.568809523809526e-05,2,1944.0,1524.0
1525,0.7849165119047617,0.036338089537961485,0.2021219999999999,0.937958,0.735836,4.568809523809526e-05,2,1945.0,1525.0
1526,0.7849591523809523,0.03634351823792123,0.2021219999999999,0.937958,0.735836,5.787142857142842e-05,2,1946.0,1526.0
1527,0.7850231166666666,0.03634818959856917,0.2021219999999999,0.937958,0.735836,6.091666666666659e-05,2,1947.0,1527.0
1528,0.7850840333333332,0.03635360564358596,0.2021219999999999,0.937958,0.735836,5.1780952380952356e-05,2,1948.0,1528.0
1529,0.7851419047619047,0.036363744703645166,0.2021219999999999,0.937958,0.735836,6.091666666666659e-05,2,1949.0,1529.0
1530,0.7852089142857143,0.0363765451676042,0.2021219999999999,0.937958,0.735836,6.700952380952368e-05,2,1950.0,1530.0
1531,0.7852637404761906,0.036383067940507705,0.2021219999999999,0.937958,0.735836,5.482619047619026e-05,2,1951.0,1531.0
1532,0.7853398880952381,0.036401356038312,0.2021219999999999,0.937958,0.735836,8.223809523809528e-05,2,1952.0,1532.0
1533,0.7854343095238095,0.036427115753690495,0.2021219999999999,0.937958,0.735836,9.137619047619053e-05,2,1953.0,1533.0
1534,0.7855135023809523,0.03644434850788637,0.2021219999999999,0.937958,0.735836,8.52857142857142e-05,2,1954.0,1534.0
1535,0.7856048785714287,0.036464007326103255,0.2021219999999999,0.937958,0.735836,8.528333333333317e-05,2,1955.0,1535.0
1536,0.7856962547619049,0.03648983538628846,0.2021219999999999,0.937958,0.735836,8.223809523809528e-05,2,1956.0,1536.0
1537,0.7857571714285714,0.0365026472084285,0.2021219999999999,0.937958,0.735836,6.396428571428578e-05,2,1957.0,1537.0
1538,0.7858180904761904,0.03651321873678608,0.2021219999999999,0.937958,0.735836,7.005476190476185e-05,2,1958.0,1538.0
1539,0.7858820523809524,0.03651860483503246,0.2021219999999999,0.937958,0.735836,5.4826190476190525e-05,2,1959.0,1539.0
1540,0.7859521071428571,0.03653418683573023,0.2021219999999999,0.937958,0.735836,8.528333333333345e-05,2,1960.0,1540.0
1541,0.7860313,0.03654193054098786,0.2021219999999999,0.937958,0.735836,7.310000000000002e-05,2,1961.0,1541.0
1542,0.7861165833333333,0.03655903028567319,0.2021219999999999,0.937958,0.735836,7.310000000000002e-05,2,1962.0,1542.0
1543,0.7862079571428571,0.03659309612413992,0.2021219999999999,0.937958,0.735836,9.137380952380951e-05,2,1963.0,1543.0
1544,0.7863176071428571,0.0366451189147561,0.2021219999999999,0.937958,0.735836,0.00011574285714285712,2,1964.0,1544.0
1545,0.7864668547619048,0.03673867662708957,0.2021219999999999,0.937958,0.735836,0.00014924761904761897,2,1965.0,1545.0
1546,0.7866282857142857,0.03685013326246221,0.2021219999999999,0.937958,0.735836,0.0001675214285714287,2,1966.0,1546.0
1547,0.7867836238095238,0.036940266531270964,0.2021219999999999,0.937958,0.735836,0.00015533809523809528,2,1967.0,1547.0
1548,0.7869115476190476,0.03699393650477279,0.2021219999999999,0.937958,0.735836,0.0001279238095238095,2,1968.0,1548.0
1549,0.7870486095238096,0.03705796219424896,0.2021219999999999,0.937958,0.735836,0.00014620000000000003,2,1969.0,1549.0
1550,0.7871917642857142,0.03711430871983986,0.2021219999999999,0.937958,0.735836,0.00013706428571428554,2,1970.0,1550.0
1551,0.7873227357142858,0.03716530021377673,0.2021219999999999,0.937958,0.735836,0.00014010714285714294,2,1971.0,1551.0
1552,0.7874415238095239,0.03719066744918811,0.2021219999999999,0.937958,0.735836,0.00013401904761904763,2,1972.0,1552.0
1553,0.7875877261904762,0.03721883090176364,0.2021219999999999,0.937958,0.735836,0.00015533809523809528,2,1973.0,1553.0
1554,0.7877461095238096,0.03724323045777395,0.2021219999999999,0.937958,0.735836,0.00016447619047619055,2,1974.0,1554.0
1555,0.7879166761904763,0.03726873401008136,0.2021219999999999,0.937958,0.735836,0.00017665714285714296,2,1975.0,1555.0
1556,0.7880994261904761,0.03729517670898042,0.2021219999999999,0.937958,0.735836,0.00017361428571428553,2,1976.0,1556.0
1557,0.7882639023809523,0.03731819191247964,0.2021219999999999,0.937958,0.735836,0.00015533809523809503,2,1977.0,1557.0
1558,0.7884161952380951,0.0373440619517631,0.2021219999999999,0.937958,0.735836,0.0001492476190476192,2,1978.0,1558.0
1559,0.7885532595238095,0.03735975940439226,0.2021219999999999,0.937958,0.735836,0.0001401095238095237,2,1979.0,1559.0
1560,0.788693369047619,0.03737288189786679,0.2021219999999999,0.937958,0.735836,0.00014924761904761897,2,1980.0,1560.0
1561,0.7888426166666667,0.037378616114643846,0.2021219999999999,0.937958,0.735836,0.0001401095238095237,2,1981.0,1561.0
1562,0.7889705428571427,0.037380867741470446,0.2021219999999999,0.937958,0.735836,0.00013097142857142844,2,1982.0,1562.0
1563,0.7890954214285714,0.037376232281083936,0.2021219999999999,0.937958,0.735836,0.00010660476190476185,2,1983.0,1563.0
1564,0.7892111642857143,0.03738938692379558,0.2021219999999999,0.937958,0.735836,0.00011269523809523819,2,1984.0,1564.0
1565,0.7893573642857142,0.03743547439074538,0.2021219999999999,0.937958,0.735836,0.00014620000000000003,2,1985.0,1565.0
1566,0.7894822428571429,0.03745942035168026,0.2021219999999999,0.937958,0.735836,0.00012487857142857162,2,1986.0,1566.0
1567,0.789604076190476,0.03748028797754773,0.2021219999999999,0.937958,0.735836,0.00011878809523809528,2,1987.0,1567.0
1568,0.7897228642857143,0.03750226739790492,0.2021219999999999,0.937958,0.735836,0.00011574285714285712,2,1988.0,1568.0
1569,0.7898325142857142,0.037520340488508434,0.2021219999999999,0.937958,0.735836,0.0001279238095238095,2,1989.0,1569.0
1570,0.7899513023809525,0.03752133012982011,0.2021219999999999,0.937958,0.735836,0.00013097142857142872,2,1990.0,1570.0
1571,0.7900670428571429,0.03750417034725949,0.2021219999999999,0.937958,0.735836,0.00012183333333333345,2,1991.0,1571.0
1572,0.7902041071428573,0.037490393200003934,0.2021219999999999,0.937958,0.735836,0.00012183571428571447,2,1992.0,1572.0
1573,0.7903350785714286,0.03749463195745198,0.2021219999999999,0.937958,0.735836,0.00010660476190476185,2,1993.0,1573.0
1574,0.7904386380952382,0.03751002310021348,0.2021219999999999,0.937958,0.735836,9.137619047619053e-05,2,1994.0,1574.0
1575,0.7905330595238096,0.03753184782565817,0.2021219999999999,0.937958,0.735836,9.137380952380951e-05,2,1995.0,1575.0
1576,0.7906274809523809,0.03755664065758505,0.2021219999999999,0.937958,0.735836,0.00010051428571428553,2,1996.0,1576.0
1577,0.7907340857142857,0.037584326374197216,0.2021219999999999,0.937958,0.735836,0.00012792619047619053,2,1997.0,1577.0
1578,0.7908376452380953,0.03758448517952399,0.2021219999999999,0.937958,0.735836,0.00011878809523809501,2,1998.0,1578.0
1579,0.7909655714285713,0.03757993379263971,0.2021219999999999,0.937958,0.735836,0.0001340166666666666,2,1999.0,1579.0
1580,0.7910934952380952,0.03756623500479775,0.2021219999999999,0.937958,0.735836,0.00011878809523809528,2,2000.0,1580.0
1581,0.7912001,0.03755266569568537,0.2021219999999999,0.937958,0.735836,0.00011574047619047636,2,2001.0,1581.0
1582,0.7913127952380952,0.03753030630965017,0.2021219999999999,0.937958,0.735836,0.00010965000000000002,2,2002.0,1582.0
1583,0.7914193999999998,0.03750883140410942,0.2021219999999999,0.937958,0.735836,0.00010965000000000002,2,2003.0,1583.0
1584,0.7915260047619047,0.03748340367117383,0.2021219999999999,0.937958,0.735836,0.00013401904761904763,2,2004.0,1584.0
1585,0.7916600238095238,0.037430374755504765,0.2021219999999999,0.937958,0.735836,0.00013401904761904763,2,2005.0,1585.0
1586,0.7917788119047618,0.03737274295927895,0.2021219999999999,0.937958,0.735836,0.00011878809523809528,2,2006.0,1586.0
1587,0.7919006476190477,0.037315236937662914,0.2021219999999999,0.937958,0.735836,0.00011878809523809528,2,2007.0,1587.0
1588,0.7920102976190476,0.037259302307189886,0.2021219999999999,0.937958,0.735836,0.00010965000000000002,2,2008.0,1588.0
1589,0.7921321309523809,0.03720505409489791,0.2021219999999999,0.937958,0.735836,0.00012183333333333318,2,2009.0,1589.0
1590,0.7922478714285714,0.037149089256511135,0.2021219999999999,0.937958,0.735836,0.00011574047619047609,2,2010.0,1590.0
1591,0.792363611904762,0.03709267883634889,0.2021219999999999,0.937958,0.735836,0.00011574047619047609,2,2011.0,1591.0
1592,0.7924519404761905,0.03703560108281631,0.2021219999999999,0.937958,0.735836,8.528333333333317e-05,2,2012.0,1592.0
1593,0.7925646357142857,0.03698183897231773,0.2021219999999999,0.937958,0.735836,0.00012183333333333318,2,2013.0,1593.0
1594,0.792683423809524,0.03691648143498285,0.2021219999999999,0.937958,0.735836,0.00011878809523809501,2,2014.0,1594.0
1595,0.792802211904762,0.036850625070428404,0.2021219999999999,0.937958,0.735836,0.00010964999999999977,2,2015.0,1595.0
1596,0.7929118619047618,0.036795108920046324,0.2021219999999999,0.937958,0.735836,0.00010660476190476185,2,2016.0,1596.0
1597,0.7930154214285713,0.03674229890675528,0.2021219999999999,0.937958,0.735836,0.00011269761904761922,2,2017.0,1597.0
1598,0.7931250714285714,0.03667833223800619,0.2021219999999999,0.937958,0.735836,9.137380952380951e-05,2,2018.0,1598.0
1599,0.7932134000000001,0.03663419661862917,0.2021219999999999,0.937958,0.735836,1.8273809523809758e-05,2,2019.0,1599.0
1600,0.7932316738095238,0.03663237187724982,0.2021219999999999,0.937958,0.735836,3.35047619047621e-05,2,2020.0,1600.0
1601,0.7932621333333333,0.036626118188115994,0.2021219999999999,0.937958,0.735836,5.17785714285716e-05,2,2021.0,1601.0
1602,0.793307819047619,0.03660950593949504,0.2021219999999999,0.937958,0.735836,3.350238095238108e-05,2,2022.0,1602.0
1603,0.7933291380952381,0.03660173180920966,0.2021219999999999,0.937958,0.735836,4.568571428571424e-05,2,2023.0,1603.0
1604,0.7933778714285714,0.036577943730740026,0.2021219999999999,0.937958,0.735836,7.310000000000002e-05,2,2024.0,1604.0
1605,0.7934722904761904,0.03652997195697703,0.2021219999999999,0.937958,0.735836,8.832857142857134e-05,2,2025.0,1605.0
1606,0.7935545285714286,0.03648793852914037,0.2021219999999999,0.937958,0.735836,7.614523809523818e-05,2,2026.0,1606.0
1607,0.7937646904761905,0.03654903527857707,0.2021219999999999,0.937958,0.735836,0.0002132095238095237,2,2027.0,1607.0
1608,0.7941088714285713,0.036897713459258755,0.2021219999999999,0.937958,0.735836,0.00033808809523809536,2,2028.0,1608.0
1609,0.7945627000000001,0.0376572605815298,0.21619299999999997,0.952029,0.735836,0.0004629666666666667,2,2029.0,1609.0
1610,0.7950408976190476,0.03845147639504322,0.22258999999999995,0.958426,0.735836,0.0004812428571428572,2,2030.0,1610.0
1611,0.7955130023809523,0.03918326462926663,0.22258999999999995,0.958426,0.735836,0.0004934261904761903,2,2031.0,1611.0
1612,0.7960155666666667,0.03990920198367949,0.22258999999999995,0.958426,0.735836,0.0004842880952380954,2,2032.0,1612.0
1613,0.7964998547619048,0.04063633920479305,0.22258999999999995,0.958426,0.735836,0.0004903809523809524,2,2033.0,1613.0
1614,0.7970176476190476,0.04144935572007315,0.23410299999999995,0.969939,0.735836,0.0005177928571428572,2,2034.0,1614.0
1615,0.7975232571428573,0.04219136392653711,0.23410299999999995,0.969939,0.735836,0.0005208380952380951,2,2035.0,1615.0
1616,0.7980928285714285,0.04309787750181079,0.24945399999999995,0.98529,0.735836,0.0005634809523809525,2,2036.0,1616.0
1617,0.7986898142857143,0.044132705301967064,0.2635259999999999,0.999362,0.735836,0.0006000309523809522,2,2037.0,1617.0
1618,0.7992898452380952,0.045132461545378796,0.2635259999999999,0.999362,0.735836,0.0006030761904761904,2,2038.0,1618.0
1619,0.7998990119047619,0.04612573881614876,0.2660839999999999,1.00192,0.735836,0.0006061214285714283,2,2039.0,1619.0
1620,0.80049295,0.047042197488353095,0.2660839999999999,1.00192,0.735836,0.0005939380952380951,2,2040.0,1620.0
1621,0.8011112547619047,0.048035758098121925,0.2712009999999999,1.007037,0.735836,0.0006213499999999999,2,2041.0,1621.0
1622,0.801744788095238,0.04904961606213846,0.27631799999999995,1.012154,0.735836,0.0006335333333333333,2,2042.0,1622.0
1623,0.8024209642857142,0.0502209684335249,0.29422800000000005,1.030064,0.735836,0.0006761761904761907,2,2043.0,1623.0
1624,0.8030910476190477,0.05132993159623265,0.29422800000000005,1.030064,0.735836,0.0006731285714285712,2,2044.0,1624.0
1625,0.8037702690476191,0.05242963653563283,0.29422800000000005,1.030064,0.735836,0.0006822690476190478,2,2045.0,1625.0
1626,0.8044464452380952,0.05346912929985952,0.29422800000000005,1.030064,0.735836,0.0006883595238095236,2,2046.0,1626.0
1627,0.8051195761904761,0.05440473333514286,0.29422800000000005,1.030064,0.735836,0.0006670380952380954,2,2047.0,1627.0
1628,0.805777476190476,0.055288347851121175,0.29422800000000005,1.030064,0.735836,0.0006579000000000001,2,2048.0,1628.0
1629,0.8063835976190475,0.055965631908192794,0.29422800000000005,1.030064,0.735836,0.0006122142857142856,2,2049.0,1629.0
1630,0.8069927666666666,0.05661098004007647,0.29422800000000005,1.030064,0.735836,0.0006091690476190477,2,2050.0,1630.0
1631,0.8075745214285714,0.057155870367060345,0.29422800000000005,1.030064,0.735836,0.0005848000000000001,2,2051.0,1631.0
1632,0.8081806428571429,0.057752168970986714,0.29422800000000005,1.030064,0.735836,0.0006030761904761904,2,2052.0,1632.0
1633,0.8088050404761905,0.05840822136982478,0.29422800000000005,1.030064,0.735836,0.000627442857142857,2,2053.0,1633.0
1634,0.8094081166666667,0.05896983876628885,0.29422800000000005,1.030064,0.735836,0.0005969833333333333,2,2054.0,1634.0
1635,0.8099898714285714,0.059482025435441566,0.29422800000000005,1.030064,0.735836,0.0005848023809523809,2,2055.0,1635.0
1636,0.8106020857142856,0.06006239399393874,0.29422800000000005,1.030064,0.735836,0.0005969833333333333,2,2056.0,1636.0
1637,0.811235619047619,0.06076410007775673,0.29422800000000005,1.030064,0.735836,0.0006304880952380951,2,2057.0,1637.0
1638,0.8119057023809523,0.06158797739041586,0.29422800000000005,1.030064,0.735836,0.0006426714285714283,2,2058.0,1638.0
1639,0.8125940619047619,0.06258458541374587,0.31085799999999997,1.046694,0.735836,0.0006822666666666667,2,2059.0,1639.0
1640,0.8132519619047619,0.06347574881910545,0.31085799999999997,1.046694,0.735836,0.0006518095238095236,2,2060.0,1640.0
1641,0.8139220476190476,0.06441707554184992,0.31085799999999997,1.046694,0.735836,0.0006487642857142857,2,2061.0,1641.0
1642,0.8146225904761905,0.06554363758777088,0.33004699999999987,1.065883,0.735836,0.0007066357142857141,2,2062.0,1642.0
1643,0.8152014642857144,0.06620925074572759,0.33004699999999987,1.065883,0.735836,0.0005819190476190479,2,2063.0,1643.0
1644,0.8157894761904761,0.06687908662779778,0.33004699999999987,1.065883,0.735836,0.0005910571428571429,2,2064.0,1644.0
1645,0.8164049,0.06760832740822405,0.33004699999999987,1.065883,0.735836,0.0006154238095238092,2,2065.0,1645.0
1646,0.817032507142857,0.0683617766282372,0.33004699999999987,1.065883,0.735836,0.0006306523809523809,2,2066.0,1646.0
1647,0.8176113785714286,0.06894777515262664,0.33004699999999987,1.065883,0.735836,0.000551459523809524,2,2067.0,1647.0
1648,0.8181262880952381,0.06944658926233716,0.33004699999999987,1.065883,0.735836,0.0005088190476190477,2,2068.0,1648.0
1649,0.8186686119047619,0.07002844201883329,0.33004699999999987,1.065883,0.735836,0.0005270928571428574,2,2069.0,1649.0
1650,0.8191713380952381,0.07054613283042911,0.33004699999999987,1.065883,0.735836,0.0005088190476190477,2,2070.0,1650.0
1651,0.8196588357142857,0.07100162512368265,0.33004699999999987,1.065883,0.735836,0.00048445238095238104,2,2071.0,1651.0
1652,0.8201250142857143,0.07141049554928906,0.33004699999999987,1.065883,0.735836,0.0004631309523809524,2,2072.0,1652.0
1653,0.8205881452380952,0.07181551873575827,0.33004699999999987,1.065883,0.735836,0.00046617857142857127,2,2073.0,1653.0
1654,0.8210360476190477,0.07217445290918795,0.33004699999999987,1.065883,0.735836,0.00044790238095238105,2,2074.0,1654.0
1655,0.8214656761904762,0.0724917344906097,0.33004699999999987,1.065883,0.735836,0.00042962857142857155,2,2075.0,1655.0
1656,0.821889211904762,0.07279323714856346,0.33004699999999987,1.065883,0.735836,0.00042962619047619055,2,2076.0,1656.0
1657,0.822315792857143,0.07308197244212077,0.33004699999999987,1.065883,0.735836,0.0004357190476190476,2,2077.0,1657.0
1658,0.8227119166666668,0.07329156169469864,0.33004699999999987,1.065883,0.735836,0.0003991690476190476,2,2078.0,1658.0
1659,0.8231628642857143,0.07358957295001048,0.33004699999999987,1.065883,0.735836,0.0004692238095238095,2,2079.0,1659.0
1660,0.8236259976190475,0.07385944261763751,0.33004699999999987,1.065883,0.735836,0.00045399523809523814,2,2080.0,1660.0
1661,0.8240891285714286,0.07414940744497296,0.33004699999999987,1.065883,0.735836,0.00047226904761904764,2,2081.0,1661.0
1662,0.8245644452380952,0.0744346645689989,0.33004699999999987,1.065883,0.735836,0.0004814071428571426,2,2082.0,1662.0
1663,0.8250397595238096,0.07469952952042686,0.33004699999999987,1.065883,0.735836,0.00048445238095238077,2,2083.0,1663.0
1664,0.8255303047619047,0.07496455613451743,0.33004699999999987,1.065883,0.735836,0.0004935904761904761,2,2084.0,1664.0
1665,0.8260208476190475,0.07521710500190269,0.33004699999999987,1.065883,0.735836,0.0005027261904761906,2,2085.0,1665.0
1666,0.8265205285714287,0.07544903501659181,0.33004699999999987,1.065883,0.735836,0.0004996809523809524,2,2086.0,1666.0
1667,0.8270110714285714,0.07566038186080921,0.33004699999999987,1.065883,0.735836,0.0005057714285714285,2,2087.0,1667.0
1668,0.8275107523809525,0.07584230925213067,0.33004699999999987,1.065883,0.735836,0.0004905452380952382,2,2088.0,1668.0
1669,0.8279830214285715,0.07599890955663219,0.33004699999999987,1.065883,0.735836,0.0004753142857142858,2,2089.0,1669.0
1670,0.8284644285714285,0.07615923992225351,0.33004699999999987,1.065883,0.735836,0.0004966357142857142,2,2090.0,1670.0
1671,0.8289519261904762,0.07628546811881314,0.33004699999999987,1.065883,0.735836,0.0004783595238095237,2,2091.0,1671.0
1672,0.8294150571428572,0.07639455933112473,0.33004699999999987,1.065883,0.735836,0.00045399523809523814,2,2092.0,1672.0
1673,0.8298568690476191,0.07649217405942658,0.33004699999999987,1.065883,0.735836,0.0004296285714285713,2,2093.0,1673.0
1674,0.8302804047619047,0.07659031423898614,0.33004699999999987,1.065883,0.735836,0.00040830476190476184,2,2094.0,1674.0
1675,0.830679573809524,0.07668721487231833,0.33004699999999987,1.065883,0.735836,0.0003839404761904763,2,2095.0,1675.0
1676,0.8310635142857143,0.0767943356643003,0.33004699999999987,1.065883,0.735836,0.00037175714285714285,2,2096.0,1676.0
1677,0.8314474547619048,0.07692493406967693,0.33004699999999987,1.065883,0.735836,0.00038698571428571446,2,2097.0,1677.0
1678,0.8318222571428573,0.07703480736305147,0.33004699999999987,1.065883,0.735836,0.0003595738095238097,2,2098.0,1678.0
1679,0.8321757380952381,0.07714540929472377,0.33004699999999987,1.065883,0.735836,0.00034739047619047626,2,2099.0,1679.0
1680,0.832517038095238,0.0772505148380038,0.33004699999999987,1.065883,0.735836,0.0003504357142857142,2,2100.0,1680.0
1681,0.8328552904761904,0.07733347549650155,0.33004699999999987,1.065883,0.735836,0.0003504357142857144,2,2101.0,1681.0
1682,0.8331935428571429,0.07739250815024834,0.33004699999999987,1.065883,0.735836,0.00033520714285714285,2,2102.0,1682.0
1683,0.8335257023809522,0.07744899393090295,0.33004699999999987,1.065883,0.735836,0.0003443428571428571,2,2103.0,1683.0
1684,0.8338639547619048,0.07748826094451403,0.33004699999999987,1.065883,0.735836,0.00034739047619047626,2,2104.0,1684.0
1685,0.8342083,0.07751533417263783,0.33004699999999987,1.065883,0.735836,0.00035348333333333335,2,2105.0,1685.0
1686,0.8345556904761904,0.07752675687691195,0.33004699999999987,1.065883,0.735836,0.0003565261904761905,2,2106.0,1686.0
1687,0.8349122166666666,0.07752803783178001,0.33004699999999987,1.065883,0.735836,0.0003626190476190476,2,2107.0,1687.0
1688,0.8352626523809522,0.07751034889636546,0.33004699999999987,1.065883,0.735836,0.000347390476190476,2,2108.0,1688.0
1689,0.8356039523809523,0.07748877728310768,0.33004699999999987,1.065883,0.735836,0.00035348333333333335,2,2109.0,1689.0
1690,0.8359482976190475,0.07744557753901703,0.33004699999999987,1.065883,0.735836,0.00034739047619047626,2,2110.0,1690.0
1691,0.8362956880952381,0.07739754873379605,0.33004699999999987,1.065883,0.735836,0.00035348095238095235,2,2111.0,1691.0
1692,0.8366430761904762,0.07733643855216174,0.33004699999999987,1.065883,0.735836,0.00035957142857142866,2,2112.0,1692.0
1693,0.8369996023809524,0.07725729003578141,0.33004699999999987,1.065883,0.735836,0.00035348095238095235,2,2113.0,1693.0
1694,0.8373408999999999,0.07717141681492787,0.33004699999999987,1.065883,0.735836,0.0003412976190476189,2,2114.0,1694.0
1695,0.8376882904761904,0.07708812664925653,0.33004699999999987,1.065883,0.735836,0.00035348333333333335,2,2115.0,1695.0
1696,0.8380448190476191,0.0769979588647871,0.33004699999999987,1.065883,0.735836,0.000347390476190476,2,2116.0,1696.0
1697,0.8383983,0.07692152313055355,0.33004699999999987,1.065883,0.735836,0.0003443428571428571,2,2117.0,1697.0
1698,0.8387274142857144,0.07684334873354692,0.33004699999999987,1.065883,0.735836,0.0003260690476190476,2,2118.0,1698.0
1699,0.8390748047619047,0.07678237061272268,0.33004699999999987,1.065883,0.735836,0.00036566428571428575,2,2119.0,1699.0
1700,0.8394435142857143,0.07670050479704305,0.33004699999999987,1.065883,0.735836,0.00034739047619047626,2,2120.0,1700.0
1701,0.83979395,0.07664436815926669,0.33004699999999987,1.065883,0.735836,0.00035348095238095235,2,2121.0,1701.0
1702,0.8401382952380952,0.07657610331872143,0.33004699999999987,1.065883,0.735836,0.00034129999999999995,2,2122.0,1702.0
1703,0.8404826404761905,0.07651198413489771,0.33004699999999987,1.065883,0.735836,0.0003504357142857142,2,2123.0,1703.0
1704,0.8408269833333334,0.07643473525618477,0.33004699999999987,1.065883,0.735836,0.00033520476190476207,2,2124.0,1704.0
1705,0.8411591428571428,0.07636423973673848,0.33004699999999987,1.065883,0.735836,0.00032911428571428576,2,2125.0,1705.0
1706,0.841479119047619,0.07628953450728486,0.33004699999999987,1.065883,0.735836,0.0003199761904761905,2,2126.0,1706.0
1707,0.8417930047619047,0.0762096071792725,0.33004699999999987,1.065883,0.735836,0.0003138857142857144,2,2127.0,1707.0
1708,0.8421007976190475,0.07612471993996177,0.33004699999999987,1.065883,0.735836,0.00031388571428571415,2,2128.0,1708.0
1709,0.8424024999999999,0.0760249818795644,0.33004699999999987,1.065883,0.735836,0.0002956095238095239,2,2129.0,1709.0
1710,0.8426981095238095,0.07593094960333496,0.33004699999999987,1.065883,0.735836,0.00031083809523809526,2,2130.0,1710.0
1711,0.8429967642857144,0.07581198623517926,0.33004699999999987,1.065883,0.735836,0.00029560952380952365,2,2131.0,1711.0
1712,0.8432893285714286,0.07569412505986019,0.33004699999999987,1.065883,0.735836,0.0002925642857142855,2,2132.0,1712.0
1713,0.8435758023809523,0.07557259380065347,0.33004699999999987,1.065883,0.735836,0.000301702380952381,2,2133.0,1713.0
1714,0.8438835952380952,0.07543275807103193,0.33004699999999987,1.065883,0.735836,0.0003260690476190476,2,2134.0,1714.0
1715,0.8442005261904761,0.07526294570258506,0.33004699999999987,1.065883,0.735836,0.00030474761904761917,2,2135.0,1715.0
1716,0.8445083214285714,0.07510948892075595,0.33004699999999987,1.065883,0.735836,0.0003230238095238094,2,2136.0,1716.0
1717,0.8448222071428572,0.0749299379734953,0.33004699999999987,1.065883,0.735836,0.0003077952380952381,2,2137.0,1717.0
1718,0.8451330476190476,0.07475838247595744,0.33004699999999987,1.065883,0.735836,0.00031693095238095236,2,2138.0,1718.0
1719,0.8454438880952382,0.07457447547687991,0.33004699999999987,1.065883,0.735836,0.000310840476190476,2,2139.0,1719.0
1720,0.8457516809523808,0.07438799575298308,0.3274889999999999,1.065883,0.738394,0.000301702380952381,2,2140.0,1720.0
1721,0.8460503380952381,0.07420795642594036,0.3236509999999999,1.065883,0.742232,0.00028951904761904756,2,2141.0,1721.0
1722,0.8463337666666666,0.0740380283083847,0.3185339999999999,1.065883,0.747349,0.00027124523809523806,2,2142.0,1722.0
1723,0.8465836904761905,0.07388047019598877,0.3121379999999999,1.065883,0.753745,0.00023469523809523807,2,2143.0,1723.0
1724,0.8468244761904761,0.07374217312438368,0.31085799999999997,1.065883,0.755025,0.000228602380952381,2,2144.0,1724.0
1725,0.8470561261904762,0.07361819981237674,0.31085799999999997,1.065883,0.755025,0.0002316499999999999,2,2145.0,1725.0
1726,0.8472786380952382,0.0734924227122217,0.31085799999999997,1.065883,0.755025,0.00021641904761904757,2,2146.0,1726.0
1727,0.8474920119047619,0.07337283588483677,0.31085799999999997,1.065883,0.755025,0.00021641904761904757,2,2147.0,1727.0
1728,0.8477023380952381,0.07324864778875395,0.31085799999999997,1.065883,0.755025,0.00020423571428571414,2,2148.0,1728.0
1729,0.8479035285714285,0.07313084984296261,0.31085799999999997,1.065883,0.755025,0.0002072809523809523,2,2149.0,1729.0
1730,0.8481016714285714,0.07300542956997652,0.31085799999999997,1.065883,0.755025,0.00020119047619047598,2,2150.0,1730.0
1731,0.8483028619047619,0.07287554130397658,0.31085799999999997,1.065883,0.755025,0.00020423571428571414,2,2151.0,1731.0
1732,0.848501007142857,0.0727416227918897,0.31085799999999997,1.065883,0.755025,0.0001950999999999999,2,2152.0,1732.0
1733,0.8486930595238095,0.07261106914194923,0.31085799999999997,1.065883,0.755025,0.00019509761904761913,2,2153.0,1733.0
1734,0.8488851119047619,0.0724763823548869,0.31085799999999997,1.065883,0.755025,0.00019509761904761913,2,2154.0,1734.0
1735,0.8490710714285714,0.07233866694948304,0.31085799999999997,1.065883,0.755025,0.00018291428571428573,2,2155.0,1735.0
1736,0.8492539857142857,0.07220410331140853,0.31085799999999997,1.065883,0.755025,0.00018900476190476207,2,2156.0,1736.0
1737,0.8494460380952381,0.07206034400360295,0.31085799999999997,1.065883,0.755025,0.0001768238095238094,2,2157.0,1737.0
1738,0.8496137238095238,0.07193715136234184,0.31085799999999997,1.065883,0.755025,0.00016464047619047596,2,2158.0,1738.0
1739,0.8497935928571427,0.0718139500584899,0.31085799999999997,1.065883,0.755025,0.0001707309523809523,2,2159.0,1739.0
1740,0.849976507142857,0.07169940653767443,0.31085799999999997,1.065883,0.755025,0.0001920523809523807,2,2160.0,1740.0
1741,0.8501868357142857,0.0715725308966809,0.31085799999999997,1.065883,0.755025,0.00020728333333333332,2,2161.0,1741.0
1742,0.8503880261904762,0.07144857525206023,0.31085799999999997,1.065883,0.755025,0.0002225095238095239,2,2162.0,1742.0
1743,0.8506196738095239,0.07129657403520792,0.3070209999999999,1.065883,0.758862,0.00021946428571428572,2,2163.0,1743.0
1744,0.8508208619047619,0.07116006691717708,0.3070209999999999,1.065883,0.758862,0.00019814285714285705,2,2164.0,1744.0
1745,0.8509885476190475,0.07103206751350387,0.3070209999999999,1.065883,0.758862,0.0001737785714285712,2,2165.0,1745.0
1746,0.8511866928571428,0.07089073511497379,0.3006239999999999,1.065883,0.765259,0.00018291428571428573,2,2166.0,1746.0
1747,0.8514183404761905,0.07076842681417415,0.3006239999999999,1.065883,0.765259,0.00022860238095238073,2,2167.0,1747.0
1748,0.8516378047619048,0.07064768066347649,0.3006239999999999,1.065883,0.765259,0.0001920523809523807,2,2168.0,1748.0
1749,0.8518115833333334,0.07055616586177627,0.3006239999999999,1.065883,0.765259,0.00014941190476190465,2,2169.0,1749.0
1750,0.8519579476190475,0.07048796013759485,0.3006239999999999,1.065883,0.765259,0.00013722619047619046,2,2170.0,1750.0
1751,0.8521012666666666,0.07042732392578846,0.3006239999999999,1.065883,0.765259,0.0001463642857142857,2,2171.0,1751.0
1752,0.8522537214285715,0.07036383033735319,0.3006239999999999,1.065883,0.765259,0.0001676857142857144,2,2172.0,1752.0
1753,0.8524275,0.07028623824745903,0.3006239999999999,1.065883,0.765259,0.00018291428571428573,2,2173.0,1753.0
1754,0.8526195523809523,0.07019988809304346,0.3006239999999999,1.065883,0.765259,0.00018900714285714307,2,2174.0,1754.0
1755,0.8528298785714287,0.07011994481310148,0.3006239999999999,1.065883,0.765259,0.00021032619047619075,2,2175.0,1755.0
1756,0.8530645714285713,0.07004703315998706,0.3006239999999999,1.065883,0.765259,0.00023164761904761916,2,2176.0,1756.0
1757,0.8533023119047619,0.06997881443636625,0.3006239999999999,1.065883,0.765259,0.00025296904761904756,2,2177.0,1757.0
1758,0.8535705095238095,0.06990080564259071,0.3006239999999999,1.065883,0.765259,0.0002681976190476189,2,2178.0,1758.0
1759,0.8538508904761906,0.06982833234779216,0.3006239999999999,1.065883,0.765259,0.00027733571428571415,2,2179.0,1759.0
1760,0.854161730952381,0.06978077948302501,0.3006239999999999,1.065883,0.765259,0.0003077952380952381,2,2180.0,1760.0
1761,0.8544817095238095,0.06974502088629632,0.3006239999999999,1.065883,0.765259,0.00030474761904761917,2,2181.0,1761.0
1762,0.8547742738095238,0.06971371042586741,0.3006239999999999,1.065883,0.765259,0.00028951904761904756,2,2182.0,1762.0
1763,0.8550546547619046,0.06967738946395569,0.3006239999999999,1.065883,0.765259,0.000274290476190476,2,2183.0,1763.0
1764,0.8553228547619047,0.06964157238932416,0.3006239999999999,1.065883,0.765259,0.0002621071428571428,2,2184.0,1764.0
1765,0.855578869047619,0.06960640144613475,0.3006239999999999,1.065883,0.765259,0.00024687619047619047,2,2185.0,1765.0
1766,0.8558135619047619,0.06957115907556517,0.3006239999999999,1.065883,0.765259,0.000228602380952381,2,2186.0,1766.0
1767,0.8560330261904762,0.06953545074904686,0.3006239999999999,1.065883,0.765259,0.0002225095238095239,2,2187.0,1767.0
1768,0.8562433523809524,0.06949088308551273,0.3006239999999999,1.065883,0.765259,0.00021946428571428545,2,2188.0,1768.0
1769,0.8564567261904761,0.06943516275492986,0.3006239999999999,1.065883,0.765259,0.00021946428571428572,2,2189.0,1769.0
1770,0.8566670523809524,0.06936985674550938,0.3006239999999999,1.065883,0.765259,0.0002072809523809523,2,2190.0,1770.0
1771,0.8568682428571428,0.06930487605684975,0.3006239999999999,1.065883,0.765259,0.00019205238095238098,2,2191.0,1771.0
1772,0.8570481119047618,0.06924457411271848,0.3006239999999999,1.065883,0.765259,0.00018900714285714282,2,2192.0,1772.0
1773,0.857237119047619,0.06917540498306853,0.3006239999999999,1.065883,0.765259,0.00019205238095238098,2,2193.0,1773.0
1774,0.8574261238095238,0.0691021510263293,0.3006239999999999,1.065883,0.765259,0.00019814285714285732,2,2194.0,1774.0
1775,0.8576212214285714,0.06901867943108222,0.3006239999999999,1.065883,0.765259,0.00018900714285714282,2,2195.0,1775.0
1776,0.8578071833333334,0.06894023350795002,0.3006239999999999,1.065883,0.765259,0.00018291428571428573,2,2196.0,1776.0
1777,0.8579870523809525,0.06886379631152607,0.3006239999999999,1.065883,0.765259,0.00016768571428571412,2,2197.0,1777.0
1778,0.8581486452380952,0.06879765651359238,0.3006239999999999,1.065883,0.765259,0.00015550238095238096,2,2198.0,1778.0
1779,0.8582919642857143,0.06873595725844253,0.3006239999999999,1.065883,0.765259,0.0001524571428571428,2,2199.0,1779.0
1780,0.858432238095238,0.06866607947454999,0.3006239999999999,1.065883,0.765259,0.0001463642857142857,2,2200.0,1780.0
1781,0.858575557142857,0.06859030633481583,0.3006239999999999,1.065883,0.765259,0.00012504285714285703,2,2201.0,1781.0
1782,0.8586914619047618,0.06853199229029548,0.3006239999999999,1.065883,0.765259,0.00010067619047619045,2,2202.0,1782.0
1783,0.8587951833333334,0.06848541165597107,0.3006239999999999,1.065883,0.765259,9.153809523809519e-05,2,2203.0,1783.0
1784,0.8588836761904761,0.06844800177948711,0.3006239999999999,1.065883,0.765259,6.412619047619045e-05,2,2204.0,1784.0
1785,0.8589447571428571,0.06842609842619625,0.3006239999999999,1.065883,0.765259,6.412619047619045e-05,2,2205.0,1785.0
1786,0.8590027904761904,0.06840360285894795,0.3006239999999999,1.065883,0.765259,6.108095238095228e-05,2,2206.0,1786.0
1787,0.8590638714285714,0.06837929305549438,0.3006239999999999,1.065883,0.765259,7.32642857142857e-05,2,2207.0,1787.0
1788,0.8591188619047619,0.06835220764418154,0.3006239999999999,1.065883,0.765259,4.889761904761911e-05,2,2208.0,1788.0
1789,0.8591829880952381,0.06832475548380167,0.3006239999999999,1.065883,0.765259,8.240238095238069e-05,2,2209.0,1789.0
1790,0.8592562523809523,0.06828712781695159,0.3006239999999999,1.065883,0.765259,0.00010067619047619071,2,2210.0,1790.0
1791,0.8593630214285713,0.06822510855875791,0.3006239999999999,1.065883,0.765259,0.0001128619047619049,2,2211.0,1791.0
1792,0.8594667452380952,0.06815977678897718,0.3006239999999999,1.065883,0.765259,0.00010067619047619045,2,2212.0,1792.0
1793,0.8595674214285713,0.0680970997565837,0.3006239999999999,1.065883,0.765259,0.00010372380952380964,2,2213.0,1793.0
1794,0.8596772380952381,0.06802952879925063,0.3006239999999999,1.065883,0.765259,0.0001311357142857144,2,2214.0,1794.0
1795,0.8598053261904762,0.06794075983581144,0.3006239999999999,1.065883,0.765259,0.00014027142857142862,2,2215.0,1795.0
1796,0.8599455976190475,0.06783784665549722,0.3006239999999999,1.065883,0.765259,0.0001494095238095239,2,2216.0,1796.0
1797,0.8600919619047619,0.06772445776582296,0.3006239999999999,1.065883,0.765259,0.00013418095238095255,2,2217.0,1797.0
1798,0.860229188095238,0.06762417756278587,0.3006239999999999,1.065883,0.765259,0.0001311357142857144,2,2218.0,1798.0
1799,0.8603542333333334,0.06753242630087897,0.3006239999999999,1.065883,0.765259,0.00010676904761904753,2,2219.0,1799.0
1800,0.8604579571428571,0.06746096694084218,0.3006239999999999,1.065883,0.765259,9.15404761904762e-05,2,2220.0,1800.0
1801,0.8605373142857142,0.067406135801546,0.3006239999999999,1.065883,0.765259,7.02190476190478e-05,2,2221.0,1801.0
1802,0.8606136238095238,0.0673569032607109,0.3006239999999999,1.065883,0.765259,8.544761904761913e-05,2,2222.0,1802.0
1803,0.860686888095238,0.0673046463328488,0.3006239999999999,1.065883,0.765259,4.889761904761911e-05,2,2223.0,1803.0
1804,0.8607327404761904,0.06727493192466538,0.3006239999999999,1.065883,0.765259,4.585238095238095e-05,2,2224.0,1804.0
1805,0.8607694547619049,0.06725005976641246,0.3006239999999999,1.065883,0.765259,1.8438095238095173e-05,2,2225.0,1805.0
1806,0.8607878928571429,0.06723861027362922,0.3006239999999999,1.065883,0.765259,6.254761904762014e-06,2,2226.0,1806.0
1807,0.8607850095238097,0.06724037377509284,0.3006239999999999,1.065883,0.765259,-1.8111904761904834e-05,2,2227.0,1807.0
1808,0.8607668976190477,0.06725058619674763,0.3006239999999999,1.065883,0.765259,-3.334047619047616e-05,2,2228.0,1808.0
1809,0.8607152833333334,0.0672801443291103,0.3006239999999999,1.065883,0.765259,-5.1614285714285656e-05,2,2229.0,1809.0
1810,0.8606728071428571,0.06730321878688054,0.3006239999999999,1.065883,0.765259,-4.24761904761904e-05,2,2230.0,1810.0
1811,0.860624238095238,0.06733048353274194,0.3006239999999999,1.065883,0.765259,-3.6385714285714064e-05,2,2231.0,1811.0
1812,0.8605756690476191,0.06736139179203111,0.3006239999999999,1.065883,0.765259,-4.247857142857142e-05,2,2232.0,1812.0
1813,0.8605301452380951,0.0673916134593725,0.3006239999999999,1.065883,0.765259,-2.4202380952380904e-05,2,2233.0,1813.0
1814,0.8605059428571429,0.06740927014543023,0.3006239999999999,1.065883,0.765259,-2.1157142857143e-05,2,2234.0,1814.0
1815,0.8604817404761905,0.0674273726063955,0.3006239999999999,1.065883,0.765259,-1.5064285714285911e-05,2,2235.0,1815.0
1816,0.8604636285714286,0.06744159800251968,0.3006239999999999,1.065883,0.765259,-1.2019047619047744e-05,2,2236.0,1816.0
1817,0.8604516095238095,0.06745126161787314,0.3006239999999999,1.065883,0.765259,9.299999999999916e-06,2,2237.0,1817.0
1818,0.8604487261904762,0.06745388010060954,0.3006239999999999,1.065883,0.765259,6.25476190476175e-06,2,2238.0,1818.0
1819,0.8604671642857142,0.06743730661584284,0.3006239999999999,1.065883,0.765259,2.7576190476190432e-05,2,2239.0,1819.0
1820,0.8604916952380953,0.06741431130965247,0.3006239999999999,1.065883,0.765259,2.7576190476190432e-05,2,2240.0,1820.0
1821,0.8605192714285714,0.06738817967660446,0.3006239999999999,1.065883,0.765259,3.366904761904752e-05,2,2241.0,1821.0
1822,0.8605498952380953,0.06735826251179637,0.3006239999999999,1.065883,0.765259,3.9761904761904876e-05,2,2242.0,1822.0
1823,0.8605835642857144,0.06732373938662534,0.3006239999999999,1.065883,0.765259,3.9759523809523856e-05,2,2243.0,1823.0
1824,0.8606263714285715,0.06727938988469856,0.3006239999999999,1.065883,0.765259,5.4990476190476204e-05,2,2244.0,1824.0
1825,0.8606844071428572,0.0672175160130541,0.3006239999999999,1.065883,0.765259,5.4990476190476204e-05,2,2245.0,1825.0
1826,0.8607393976190476,0.06715931353308158,0.3006239999999999,1.065883,0.765259,6.108095238095253e-05,2,2246.0,1826.0
1827,0.8608035238095239,0.06709070978378667,0.3006239999999999,1.065883,0.765259,6.412619047619045e-05,2,2247.0,1827.0
1828,0.8608463285714285,0.06704198429144902,0.3006239999999999,1.065883,0.765259,2.7576190476190696e-05,2,2248.0,1828.0
1829,0.8608891357142857,0.06699728038970906,0.3006239999999999,1.065883,0.765259,4.585238095238095e-05,2,2249.0,1829.0
1830,0.8609319404761905,0.06695170373335421,0.3006239999999999,1.065883,0.765259,4.280476190476176e-05,2,2250.0,1830.0
1831,0.8609686547619048,0.06691186362523643,0.3006239999999999,1.065883,0.765259,3.671428571428569e-05,2,2251.0,1831.0
1832,0.8610023238095238,0.06687496748000922,0.3006239999999999,1.065883,0.765259,3.976190476190461e-05,2,2252.0,1832.0
1833,0.8610390380952381,0.06683363722403401,0.3006239999999999,1.065883,0.765259,3.9759523809523856e-05,2,2253.0,1833.0
1834,0.861069661904762,0.06679795546846208,0.3006239999999999,1.065883,0.765259,3.062380952380936e-05,2,2254.0,1834.0
1835,0.8610972380952381,0.06676553201312554,0.3006239999999999,1.065883,0.765259,3.671428571428569e-05,2,2255.0,1835.0
1836,0.8611278619047619,0.0667280257627574,0.3006239999999999,1.065883,0.765259,2.7578571428571452e-05,2,2256.0,1836.0
1837,0.8611523952380953,0.06669795341103037,0.3006239999999999,1.065883,0.765259,4.280714285714278e-05,2,2257.0,1837.0
1838,0.8611921547619047,0.06664649807820328,0.3006239999999999,1.065883,0.765259,2.4530952380952263e-05,2,2258.0,1838.0
1839,0.8612166857142857,0.06661589700318776,0.3006239999999999,1.065883,0.765259,2.4530952380952263e-05,2,2259.0,1839.0
1840,0.8612473095238096,0.06657825151546544,0.3006239999999999,1.065883,0.765259,9.302380952381203e-06,2,2260.0,1840.0
1841,0.8612535666666666,0.06657091607389058,0.3006239999999999,1.065883,0.765259,-6.379761904761907e-05,2,2261.0,1841.0
1842,0.8611928142857141,0.06662808320809295,0.3006239999999999,1.065883,0.765259,-4.24761904761904e-05,2,2262.0,1842.0
1843,0.861150338095238,0.06667043596234766,0.3006239999999999,1.065883,0.765259,6.257142857143035e-06,2,2263.0,1843.0
1844,0.8611565952380954,0.0666632398160298,0.3006239999999999,1.065883,0.765259,9.302380952381203e-06,2,2264.0,1844.0
1845,0.8611658976190477,0.06665244966166976,0.3006239999999999,1.065883,0.765259,2.4530952380952527e-05,2,2265.0,1845.0
1846,0.8611965190476191,0.0666160271810958,0.3006239999999999,1.065883,0.765259,5.4988095238095184e-05,2,2266.0,1846.0
1847,0.8612484619047618,0.06654967338019363,0.29806599999999994,1.065883,0.767817,4.585238095238095e-05,2,2267.0,1847.0
1848,0.8612943142857142,0.06649189303782534,0.2967869999999999,1.065883,0.769096,4.280714285714278e-05,2,2268.0,1848.0
1849,0.8613432142857143,0.06643159460382132,0.2916699999999999,1.065883,0.774213,3.366904761904752e-05,2,2269.0,1849.0
1850,0.8613677452380952,0.06640178406642508,0.2916699999999999,1.065883,0.774213,6.257142857143035e-06,2,2270.0,1850.0
1851,0.8613740023809524,0.06639453831354686,0.2916699999999999,1.065883,0.774213,3.2119047619048683e-06,2,2271.0,1851.0
1852,0.8613711214285714,0.06639790238842545,0.2916699999999999,1.065883,0.774213,-2.8809523809524865e-06,2,2272.0,1852.0
1853,0.8613743333333335,0.06639421374052276,0.2916699999999999,1.065883,0.774213,-8.971428571428557e-06,2,2273.0,1853.0
1854,0.8613531785714286,0.06641850187836015,0.2916699999999999,1.065883,0.774213,-2.724761904761907e-05,2,2274.0,1854.0
1855,0.861325930952381,0.06644923766417485,0.2916699999999999,1.065883,0.774213,-3.0292857142857238e-05,2,2275.0,1855.0
1856,0.8612804071428573,0.0665022844807637,0.2916699999999999,1.065883,0.774213,-3.334047619047616e-05,2,2276.0,1856.0
1857,0.8612562047619049,0.06653068914351071,0.2916699999999999,1.065883,0.774213,-2.4202380952380904e-05,2,2277.0,1857.0
1858,0.8612137285714285,0.06658293810359586,0.29543799999999987,1.065883,0.770445,-0.00010644047619047617,2,2278.0,1858.0
1859,0.8611255619047619,0.06666833772952192,0.29543799999999987,1.065883,0.770445,-9.730238095238093e-05,2,2279.0,1859.0
1860,0.8610160761904763,0.06677512261823193,0.29543799999999987,1.065883,0.770445,-6.075238095238091e-05,2,2280.0,1860.0
1861,0.8609522785714286,0.06684756328440757,0.29543799999999987,1.065883,0.770445,-3.334047619047616e-05,2,2281.0,1861.0
1862,0.8609280761904762,0.06687662828080136,0.29543799999999987,1.065883,0.770445,-1.2019047619047744e-05,2,2282.0,1862.0
1863,0.8609221476190476,0.06688385814310341,0.29543799999999987,1.065883,0.770445,-8.973809523809313e-06,2,2283.0,1863.0
1864,0.8609192666666667,0.06688728832318507,0.29543799999999987,1.065883,0.770445,-2.8809523809522222e-06,2,2284.0,1864.0
1865,0.8609133404761906,0.0668943999989876,0.29543799999999987,1.065883,0.770445,-2.8809523809524865e-06,2,2285.0,1865.0
1866,0.8609195952380952,0.06688701358868071,0.29543799999999987,1.065883,0.770445,3.2095238095238473e-06,2,2286.0,1866.0
1867,0.8609197595238094,0.06688681956054947,0.29543799999999987,1.065883,0.770445,1.2347619047619105e-05,2,2287.0,1867.0
1868,0.8609412452380952,0.06686123022303342,0.29543799999999987,1.065883,0.770445,-8.971428571428557e-06,2,2288.0,1868.0
1869,0.8609292285714286,0.06687450967133209,0.29543799999999987,1.065883,0.770445,2.4533333333333284e-05,2,2289.0,1869.0
1870,0.8609598523809523,0.06683772757110078,0.29543799999999987,1.065883,0.770445,-3.638571428571433e-05,2,2290.0,1870.0
1871,0.8609173761904761,0.06688061191197629,0.29543799999999987,1.065883,0.770445,-0.00012471428571428567,2,2291.0,1871.0
1872,0.860795707142857,0.0669706198937617,0.29543799999999987,1.065883,0.770445,-0.00011557619047619041,2,2292.0,1872.0
1873,0.8606709928571428,0.06706847409687566,0.29543799999999987,1.065883,0.770445,-0.00010034761904761882,2,2293.0,1873.0
1874,0.8605706452380952,0.067154584505668,0.29543799999999987,1.065883,0.770445,-0.00013080714285714276,2,2294.0,1874.0
1875,0.860445930952381,0.06724700799495695,0.29543799999999987,1.065883,0.770445,-8.51190476190475e-05,2,2295.0,1875.0
1876,0.860354719047619,0.06732737626826613,0.29543799999999987,1.065883,0.770445,-8.51190476190475e-05,2,2296.0,1876.0
1877,0.8602696,0.06740379404816631,0.29543799999999987,1.065883,0.770445,-0.00010034761904761882,2,2297.0,1877.0
1878,0.8601509761904761,0.06751109285450027,0.29543799999999987,1.065883,0.770445,-0.0001490833333333333,2,2298.0,1878.0
1879,0.8600049404761905,0.06762747411045855,0.29543799999999987,1.065883,0.770445,-0.00014908095238095253,2,2299.0,1879.0
1880,0.8598497666666666,0.06775203965963528,0.29543799999999987,1.065883,0.770445,-0.00016431190476190487,2,2300.0,1880.0
1881,0.8596915476190476,0.06787099331052446,0.29543799999999987,1.065883,0.770445,-0.0002160904761904762,2,2301.0,1881.0
1882,0.8594693642857142,0.06800154694086472,0.29543799999999987,1.065883,0.770445,-0.00028005238095238095,2,2302.0,1882.0
1883,0.8591862666666666,0.06811865133360936,0.29543799999999987,1.065883,0.770445,-0.0003074642857142857,2,2303.0,1883.0
1884,0.8588788023809525,0.06822121936305724,0.29543799999999987,1.065883,0.770445,-0.00039274761904761914,2,2304.0,1884.0
1885,0.8584860547619049,0.06824701394335943,0.29543799999999987,1.065883,0.770445,-0.0003957952380952381,2,2305.0,1885.0
1886,0.8580811214285714,0.06827881870436707,0.29799699999999996,1.065883,0.767886,-0.00032574047619047625,2,2306.0,1886.0
1887,0.857755380952381,0.06838191647011878,0.29799699999999996,1.065883,0.767886,-0.00032574047619047625,2,2307.0,1887.0
1888,0.8574174571428572,0.06849969179927587,0.3031139999999999,1.065883,0.762769,-0.0003196499999999999,2,2308.0,1888.0
1889,0.8571008523809523,0.06862309936097888,0.3031139999999999,1.065883,0.762769,-0.0003044214285714286,2,2309.0,1889.0
1890,0.8567933857142856,0.06875563987858108,0.3031139999999999,1.065883,0.762769,-0.0002891904761904762,2,2310.0,1890.0
1891,0.8565011499999999,0.06889910013970309,0.3043929999999999,1.065883,0.76149,-0.00031964761904761915,2,2311.0,1891.0
1892,0.8561754095238095,0.06903607830084833,0.3069519999999999,1.065883,0.758931,-0.00030746666666666675,2,2312.0,1892.0
1893,0.8558740357142857,0.06917234775145863,0.3069519999999999,1.065883,0.758931,-0.0002983285714285715,2,2313.0,1893.0
1894,0.8555817976190475,0.06930028223662375,0.3069519999999999,1.065883,0.758931,-0.00027700714285714307,2,2314.0,1894.0
1895,0.855289561904762,0.06945366920286793,0.3082309999999999,1.065883,0.757652,-0.00028005238095238095,2,2315.0,1895.0
1896,0.8550125547619047,0.06960525562490885,0.3082309999999999,1.065883,0.757652,-0.0002770071428571428,2,2316.0,1896.0
1897,0.8547507785714286,0.06973518768152244,0.3082309999999999,1.065883,0.757652,-0.0002465476190476191,2,2317.0,1897.0
1898,0.8544920476190475,0.06988372254512777,0.3082309999999999,1.065883,0.757652,-0.00024350238095238096,2,2318.0,1898.0
1899,0.854257680952381,0.07002145557244524,0.3082309999999999,1.065883,0.757652,-0.00022522857142857146,2,2319.0,1899.0
1900,0.8540263619047618,0.07016690832896384,0.3082309999999999,1.065883,0.757652,-0.00023131904761904753,2,2320.0,1900.0
1901,0.8538011333333334,0.07030341364695995,0.3082309999999999,1.065883,0.757652,-0.0001978166666666667,2,2321.0,1901.0
1902,0.8535972261904762,0.07044651431813378,0.3082309999999999,1.065883,0.757652,-0.0002465476190476191,2,2322.0,1902.0
1903,0.8533476333333334,0.07059108713842423,0.3082309999999999,1.065883,0.757652,-0.00021913571428571437,2,2323.0,1903.0
1904,0.8531284976190477,0.07073686517319626,0.3082309999999999,1.065883,0.757652,-0.00020085952380952387,2,2324.0,1904.0
1905,0.8529276380952381,0.07088050344308522,0.3082309999999999,1.065883,0.757652,-0.00020390714285714305,2,2325.0,1905.0
1906,0.8527206833333334,0.07102760257059162,0.3082309999999999,1.065883,0.757652,-0.00020695476190476196,2,2326.0,1906.0
1907,0.8525137285714286,0.07117379591506735,0.3082309999999999,1.065883,0.757652,-0.00022522857142857146,2,2327.0,1907.0
1908,0.8522885000000001,0.07131975731619167,0.3082309999999999,1.065883,0.757652,-0.0002709166666666667,2,2328.0,1908.0
1909,0.8520145380952382,0.0714616202412574,0.3082309999999999,1.065883,0.757652,-0.00026482380952380966,2,2329.0,1909.0
1910,0.851743623809524,0.0716126970485542,0.31078899999999987,1.065883,0.755094,-0.00026177619047619045,2,2330.0,1910.0
1911,0.8514788000000001,0.0717685247581749,0.31206899999999993,1.065883,0.753814,-0.0002526404761904762,2,2331.0,1911.0
1912,0.8512261595238095,0.07192494736615768,0.31206899999999993,1.065883,0.753814,-0.0002404571428571428,2,2332.0,1912.0
1913,0.8509917952380953,0.07207311796522682,0.31206899999999993,1.065883,0.753814,-0.00022218095238095255,2,2333.0,1913.0
1914,0.850766569047619,0.07222448148029596,0.31206899999999993,1.065883,0.753814,-0.00021304285714285703,2,2334.0,1914.0
1915,0.8505596166666667,0.07236632613577097,0.31206899999999993,1.065883,0.753814,-0.00021304523809523803,2,2335.0,1915.0
1916,0.850340480952381,0.0725155734748594,0.31206899999999993,1.065883,0.753814,-0.00019172380952380935,2,2336.0,1916.0
1917,0.8501487571428571,0.07266054848866993,0.31206899999999993,1.065883,0.753814,-0.00015517380952380936,2,2337.0,1917.0
1918,0.8499844452380952,0.07280582046786768,0.3146269999999999,1.065883,0.751256,-0.00017344761904761885,2,2338.0,1918.0
1919,0.8498170880952381,0.07294577146003312,0.3146269999999999,1.065883,0.751256,-0.00017649523809523803,2,2339.0,1919.0
1920,0.8496192738095238,0.0731172733336416,0.32102299999999995,1.065883,0.74486,-0.00019476904761904778,2,2340.0,1920.0
1921,0.8494336404761905,0.07327412358899305,0.32102299999999995,1.065883,0.74486,-0.00018258809523809537,2,2341.0,1921.0
1922,0.849244961904762,0.07343765195825235,0.32102299999999995,1.065883,0.74486,-0.0001734476190476191,2,2342.0,1922.0
1923,0.8490836976190477,0.0735781514278169,0.32102299999999995,1.065883,0.74486,-0.0001643119047619046,2,2343.0,1923.0
1924,0.8489132928571429,0.07372741826182923,0.32102299999999995,1.065883,0.74486,-0.00017345000000000012,2,2344.0,1924.0
1925,0.8487307071428571,0.07388974480620526,0.32102299999999995,1.065883,0.74486,-0.0001795404761904762,2,2345.0,1925.0
1926,0.848554211904762,0.07404589045656143,0.32102299999999995,1.065883,0.74486,-0.0001795404761904762,2,2346.0,1926.0
1927,0.8483685785714287,0.07421091409653857,0.3223029999999999,1.065883,0.74358,-0.00018563333333333328,2,2347.0,1927.0
1928,0.8481799000000001,0.07437941715587144,0.3235819999999999,1.065883,0.742301,-0.00018867857142857146,2,2348.0,1928.0
1929,0.8479881761904762,0.07455140516453766,0.32486099999999996,1.065883,0.741022,-0.0001795404761904762,2,2349.0,1929.0
1930,0.8478086357142857,0.0747178070138263,0.32486099999999996,1.065883,0.741022,-0.00018867857142857146,2,2350.0,1930.0
1931,0.8476199571428571,0.07488698118970805,0.32486099999999996,1.065883,0.741022,-0.00019172380952380962,2,2351.0,1931.0
1932,0.8474312785714285,0.07505208444452183,0.32486099999999996,1.065883,0.741022,-0.00018867857142857146,2,2352.0,1932.0
1933,0.8472365095238096,0.07522495223659187,0.3261399999999999,1.065883,0.739743,-0.0001795404761904762,2,2353.0,1933.0
1934,0.8470600142857143,0.07538681422977152,0.3261399999999999,1.065883,0.739743,-0.00016735714285714303,2,2354.0,1934.0
1935,0.846889611904762,0.07554813925069391,0.3261399999999999,1.065883,0.739743,-0.0001825857142857141,2,2355.0,1935.0
1936,0.8467070261904761,0.07571402195068833,0.3261399999999999,1.065883,0.739743,-0.00017344761904761885,2,2356.0,1936.0
1937,0.846530530952381,0.07587956141623692,0.32741999999999993,1.065883,0.738463,-0.0001795404761904762,2,2357.0,1937.0
1938,0.8463540380952381,0.07604135899535498,0.32741999999999993,1.065883,0.738463,-0.00017344761904761885,2,2358.0,1938.0
1939,0.8461775428571429,0.07620536987113036,0.32741999999999993,1.065883,0.738463,-0.0001612666666666667,2,2359.0,1939.0
1940,0.846013230952381,0.07636563326000395,0.32869899999999996,1.065883,0.737184,-0.00016431190476190487,2,2360.0,1940.0
1941,0.8458580571428571,0.07651245977060936,0.32869899999999996,1.065883,0.737184,-0.00015821904761904778,2,2361.0,1941.0
1942,0.8456937452380953,0.07666865556203432,0.32869899999999996,1.065883,0.737184,-0.0001551738095238096,2,2362.0,1942.0
1943,0.8455385714285715,0.07681942677841293,0.32869899999999996,1.065883,0.737184,-0.0001490833333333333,2,2363.0,1943.0
1944,0.8453864428571428,0.07697044066937132,0.32869899999999996,1.065883,0.737184,-0.00014908333333333353,2,2364.0,1944.0
1945,0.8452464976190475,0.07710651207593727,0.32869899999999996,1.065883,0.737184,-0.0001368976190476191,2,2365.0,1945.0
1946,0.8450913238095238,0.07726580767664128,0.33253699999999986,1.065883,0.733346,-0.00016126666666666645,2,2366.0,1946.0
1947,0.8449513785714285,0.0773985136980895,0.33253699999999986,1.065883,0.733346,-0.000139945238095238,2,2367.0,1947.0
1948,0.8448083880952381,0.0775347913070203,0.33253699999999986,1.065883,0.733346,-0.00014908095238095253,2,2368.0,1948.0
1949,0.8446653976190476,0.0776658571802583,0.33253699999999986,1.065883,0.733346,-0.0001490833333333333,2,2369.0,1949.0
1950,0.8445102238095239,0.07780754225411633,0.33253699999999986,1.065883,0.733346,-0.0001429904761904762,2,2370.0,1950.0
1951,0.8443702785714284,0.07793828246773224,0.33253699999999986,1.065883,0.733346,-0.0001612666666666667,2,2371.0,1951.0
1952,0.8442029214285715,0.0780871601279531,0.33253699999999986,1.065883,0.733346,-0.0001795404761904762,2,2372.0,1952.0
1953,0.8440355642857142,0.07822444969349819,0.33253699999999986,1.065883,0.733346,-0.0001551738095238096,2,2373.0,1953.0
1954,0.8438621142857142,0.07838026278055492,0.33253699999999986,1.065883,0.733346,-0.0001795404761904762,2,2374.0,1954.0
1955,0.8436795285714285,0.0785420482389416,0.33253699999999986,1.065883,0.733346,-0.00018867857142857146,2,2375.0,1955.0
1956,0.8434938952380951,0.07870123273033745,0.33253699999999986,1.065883,0.733346,-0.00016431190476190487,2,2376.0,1956.0
1957,0.8433356761904761,0.07884272803197336,0.33253699999999986,1.065883,0.733346,-0.00015517380952380936,2,2377.0,1957.0
1958,0.843198776190476,0.07895915276555765,0.33253699999999986,1.065883,0.733346,-0.00013080714285714276,2,2378.0,1958.0
1959,0.8430740619047619,0.07906485876783137,0.33253699999999986,1.065883,0.733346,-0.00013994285714285726,2,2379.0,1959.0
1960,0.8429584857142857,0.0791503773126541,0.33253699999999986,1.065883,0.733346,-0.00010948571428571434,2,2380.0,1960.0
1961,0.8428764119047618,0.07920630844548486,0.33253699999999986,1.065883,0.733346,-9.425714285714301e-05,2,2381.0,1961.0
1962,0.8428065214285714,0.07924706986051984,0.33253699999999986,1.065883,0.733346,-8.816428571428566e-05,2,2382.0,1962.0
1963,0.8427396785714285,0.07927896624968134,0.33253699999999986,1.065883,0.733346,-8.511904761904777e-05,2,2383.0,1963.0
1964,0.8426667428571428,0.0793078088072373,0.33253699999999986,1.065883,0.733346,-0.00010644047619047617,2,2384.0,1964.0
1965,0.8425663928571427,0.07933684906727917,0.33253699999999986,1.065883,0.733346,-0.00011253333333333354,2,2385.0,1965.0
1966,0.8424782261904762,0.07935372263586797,0.33253699999999986,1.065883,0.733346,-7.598333333333326e-05,2,2386.0,1966.0
1967,0.8424022428571428,0.07937063242215853,0.33253699999999986,1.065883,0.733346,-4.856904761904749e-05,2,2387.0,1967.0
1968,0.8423506285714285,0.07938623433829332,0.33253699999999986,1.065883,0.733346,-6.075238095238091e-05,2,2388.0,1968.0
1969,0.8422929214285715,0.07940177521312862,0.33253699999999986,1.065883,0.733346,-5.466190476190458e-05,2,2389.0,1969.0
1970,0.8422291238095237,0.0794209587752197,0.33253699999999986,1.065883,0.733346,-5.770476190476199e-05,2,2390.0,1970.0
1971,0.8421744642857142,0.07943779049989914,0.33253699999999986,1.065883,0.733346,-3.334047619047616e-05,2,2391.0,1971.0
1972,0.8421350309523807,0.07945276501210066,0.33253699999999986,1.065883,0.733346,-5.161666666666668e-05,2,2392.0,1972.0
1973,0.8420834142857142,0.07947067047827433,0.33253699999999986,1.065883,0.733346,-5.4661904761904845e-05,2,2393.0,1973.0
1974,0.8420226619047617,0.07949218569729549,0.33253699999999986,1.065883,0.733346,-6.684285714285698e-05,2,2394.0,1974.0
1975,0.8419558190476191,0.079514722313877,0.33253699999999986,1.065883,0.733346,-7.293571428571408e-05,2,2395.0,1975.0
1976,0.8418737452380952,0.07954296845918803,0.33253699999999986,1.065883,0.733346,-7.293571428571408e-05,2,2396.0,1976.0
1977,0.8418008095238094,0.07956974924553332,0.33253699999999986,1.065883,0.733346,-6.989047619047617e-05,2,2397.0,1977.0
1978,0.8417126452380953,0.07960697887572032,0.33253699999999986,1.065883,0.733346,-7.59809523809525e-05,2,2398.0,1978.0
1979,0.8416518928571428,0.0796320783104902,0.33253699999999986,1.065883,0.733346,-6.075238095238091e-05,2,2399.0,1979.0
1980,0.8415820023809525,0.07966256961245674,0.33253699999999986,1.065883,0.733346,-6.989047619047617e-05,2,2400.0,1980.0
1981,0.8415395238095238,0.07967799730502712,0.33253699999999986,1.065883,0.733346,-3.0295238095237994e-05,2,2401.0,1981.0
1982,0.8415153214285713,0.07968716430463157,0.33253699999999986,1.065883,0.733346,-1.8109523809523814e-05,2,2402.0,1982.0
1983,0.8414941666666667,0.07969567948034653,0.33253699999999986,1.065883,0.733346,-3.0292857142857238e-05,2,2403.0,1983.0
1984,0.8414638738095238,0.07970713222852759,0.33253699999999986,1.065883,0.733346,-6.379761904761907e-05,2,2404.0,1984.0
1985,0.8414000761904762,0.07972557890254907,0.33253699999999986,1.065883,0.733346,-4.2476190476190665e-05,2,2405.0,1985.0
1986,0.8413515071428572,0.0797430917378842,0.33253699999999986,1.065883,0.733346,-4.552380952380958e-05,2,2406.0,1986.0
1987,0.841302938095238,0.07976134997732731,0.33253699999999986,1.065883,0.733346,-4.856904761904749e-05,2,2407.0,1987.0
1988,0.8412482761904762,0.07978273493700551,0.33253699999999986,1.065883,0.733346,-4.856904761904775e-05,2,2408.0,1988.0
1989,0.8411997071428572,0.07980247873998142,0.33253699999999986,1.065883,0.733346,-3.943333333333352e-05,2,2409.0,1989.0
1990,0.841151138095238,0.079824522754781,0.33253699999999986,1.065883,0.733346,-3.33380952380954e-05,2,2410.0,1990.0
1991,0.8411147523809523,0.07984276306833515,0.33253699999999986,1.065883,0.733346,-5.161666666666668e-05,2,2411.0,1991.0
1992,0.8410661833333333,0.07986474429950872,0.33253699999999986,1.065883,0.733346,-5.770476190476199e-05,2,2412.0,1992.0
1993,0.841005430952381,0.07989121713205069,0.33253699999999986,1.065883,0.733346,-5.770714285714274e-05,2,2413.0,1993.0
1994,0.8409507714285714,0.07991498769835798,0.33253699999999986,1.065883,0.733346,-5.770476190476199e-05,2,2414.0,1994.0
1995,0.8408930666666665,0.07993957274091673,0.33253699999999986,1.065883,0.733346,-6.075238095238091e-05,2,2415.0,1995.0
1996,0.8408353595238095,0.07996318622127833,0.33253699999999986,1.065883,0.733346,-6.379761904761907e-05,2,2416.0,1996.0
1997,0.8407715619047619,0.0799882152184723,0.33253699999999986,1.065883,0.733346,-3.943095238095223e-05,2,2417.0,1997.0
1998,0.8407290857142857,0.08000790305137591,0.33253699999999986,1.065883,0.733346,-5.1614285714285656e-05,2,2418.0,1998.0
1999,0.8406531047619047,0.08004608778095681,0.33253699999999986,1.065883,0.733346,-6.988809523809515e-05,2,2419.0,1999.0
2000,0.8405984452380952,0.08007219182441586,0.33253699999999986,1.065883,0.733346,-4.2476190476190665e-05,2,2420.0,2000.0
2001,0.8405529238095238,0.0800957143415296,0.33253699999999986,1.065883,0.733346,-4.2476190476190665e-05,2,2421.0,2001.0
2002,0.8405104476190477,0.08011797276659094,0.33253699999999986,1.065883,0.733346,-3.9430952380952497e-05,2,2422.0,2002.0
2003,0.8404649238095239,0.08014288641452426,0.33253699999999986,1.065883,0.733346,-4.247857142857142e-05,2,2423.0,2003.0
2004,0.8404194,0.08016849275460255,0.33253699999999986,1.065883,0.733346,-4.552380952380932e-05,2,2424.0,2004.0
2005,0.840370830952381,0.0801961617800081,0.33253699999999986,1.065883,0.733346,-3.333809523809514e-05,2,2425.0,2005.0
2006,0.8403283547619047,0.08022303751381639,0.33253699999999986,1.065883,0.733346,-4.552380952380958e-05,2,2426.0,2006.0
2007,0.8402919690476192,0.08024487428835442,0.33253699999999986,1.065883,0.733346,-2.724761904761907e-05,2,2427.0,2007.0
2008,0.8402586285714286,0.08026619235948976,0.33253699999999986,1.065883,0.733346,-4.552380952380932e-05,2,2428.0,2008.0
2009,0.8402100595238096,0.08029605201110616,0.33253699999999986,1.065883,0.733346,-4.24761904761904e-05,2,2429.0,2009.0
2010,0.8401645380952381,0.08032508881874346,0.33253699999999986,1.065883,0.733346,-4.552142857142856e-05,2,2430.0,2010.0
2011,0.840125107142857,0.08034958370396467,0.33253699999999986,1.065883,0.733346,-1.201904761904748e-05,2,2431.0,2011.0
2012,0.8401161333333335,0.08035572602284427,0.33253699999999986,1.065883,0.733346,-3.638571428571433e-05,2,2432.0,2012.0
2013,0.8400949785714285,0.08036784289812163,0.33253699999999986,1.065883,0.733346,-1.8109523809523814e-05,2,2433.0,2013.0
2014,0.8400707761904763,0.08038227409434545,0.33253699999999986,1.065883,0.733346,-2.4202380952380904e-05,2,2434.0,2014.0
2015,0.8400587571428572,0.0803890545195709,0.33253699999999986,1.065883,0.733346,-1.201904761904748e-05,2,2435.0,2015.0
2016,0.8400497833333334,0.08039404407697548,0.33253699999999986,1.065883,0.733346,-5.92857142857141e-06,2,2436.0,2016.0
2017,0.8400529928571429,0.0803923107715411,0.33253699999999986,1.065883,0.733346,6.257142857143035e-06,2,2437.0,2017.0
2018,0.84005925,0.08038888130659361,0.33253699999999986,1.065883,0.733346,9.302380952380938e-06,2,2438.0,2018.0
2019,0.8400655071428572,0.08038535165182797,0.33253699999999986,1.065883,0.733346,6.2571428571427705e-06,2,2439.0,2019.0
2020,0.8400656714285715,0.08038525635464232,0.33253699999999986,1.065883,0.733346,3.2095238095238473e-06,2,2440.0,2020.0
2021,0.840068880952381,0.08038336898294156,0.33253699999999986,1.065883,0.733346,9.302380952380938e-06,2,2441.0,2021.0
2022,0.8400720928571429,0.08038137780515872,0.33253699999999986,1.065883,0.733346,1.539523809523803e-05,2,2442.0,2022.0
2023,0.8400844428571429,0.08037322853406843,0.33253699999999986,1.065883,0.733346,9.302380952380938e-06,2,2443.0,2023.0
2024,0.8400967904761905,0.08036527469799797,0.33253699999999986,1.065883,0.733346,-8.971428571428557e-06,2,2444.0,2024.0
2025,0.8400878190476192,0.08037055424831623,0.33253699999999986,1.065883,0.733346,-2.8809523809524865e-06,2,2445.0,2025.0
2026,0.8400788452380953,0.08037611950225225,0.33253699999999986,1.065883,0.733346,-0.0001429904761904762,2,2446.0,2026.0
2027,0.8399328095238096,0.08041655966325122,0.33253699999999986,1.065883,0.733346,-0.00027700714285714307,2,2447.0,2027.0
2028,0.8396558023809524,0.0803977765531011,0.33253699999999986,1.065883,0.733346,-0.00039274761904761914,2,2448.0,2028.0
2029,0.8392630547619049,0.08025063802315338,0.33253699999999986,1.065883,0.733346,-0.0004079785714285715,2,2449.0,2029.0
2030,0.8388489857142857,0.08008320928544846,0.33253699999999986,1.065883,0.733346,-0.00040493095238095233,2,2450.0,2030.0
2031,0.8384410071428571,0.07992886477187935,0.33253699999999986,1.065883,0.733346,-0.0004171166666666668,2,2451.0,2031.0
2032,0.8380178,0.07976284289963234,0.33253699999999986,1.065883,0.733346,-0.0004232071428571428,2,2452.0,2032.0
2033,0.8375915476190476,0.07959642649779675,0.33253699999999986,1.065883,0.733346,-0.0004536642857142857,2,2453.0,2033.0
2034,0.8371378833333333,0.07938352105046564,0.33253699999999986,1.065883,0.733346,-0.0004414809523809523,2,2454.0,2034.0
2035,0.8366903095238096,0.07919205977444002,0.33253699999999986,1.065883,0.733346,-0.0004963071428571429,2,2455.0,2035.0
2036,0.8361970476190477,0.07890963794162716,0.33253699999999986,1.065883,0.733346,-0.0005267666666666666,2,2456.0,2036.0
2037,0.8356672357142857,0.07855858365488208,0.33253699999999986,1.065883,0.733346,-0.0005298119047619047,2,2457.0,2037.0
2038,0.8351404690476191,0.07820011894453562,0.33253699999999986,1.065883,0.733346,-0.0005328571428571426,2,2458.0,2038.0
2039,0.834607611904762,0.07782344612053343,0.33253699999999986,1.065883,0.733346,-0.0005206738095238095,2,2459.0,2039.0
2040,0.8340991214285713,0.07745887205667533,0.33253699999999986,1.065883,0.733346,-0.0005328571428571429,2,2460.0,2040.0
2041,0.8335662642857142,0.07703599148706038,0.33253699999999986,1.065883,0.733346,-0.0005450404761904763,2,2461.0,2041.0
2042,0.8330212238095238,0.07657898443392196,0.33253699999999986,1.065883,0.733346,-0.0005876833333333337,2,2462.0,2042.0
2043,0.8324244047619047,0.07601570857168415,0.33253699999999986,1.065883,0.733346,-0.0005907261904761902,2,2463.0,2043.0
2044,0.8318336785714285,0.07545941081130664,0.33253699999999986,1.065883,0.733346,-0.0005968190476190479,2,2464.0,2044.0
2045,0.8312338119047619,0.07488038543666287,0.33253699999999986,1.065883,0.733346,-0.0005937738095238092,2,2465.0,2045.0
2046,0.8306430857142857,0.07430612508206642,0.33253699999999986,1.065883,0.733346,-0.0005754976190476192,2,2466.0,2046.0
2047,0.8300614952380952,0.07376706308436601,0.33253699999999986,1.065883,0.733346,-0.0005724523809523811,2,2467.0,2047.0
2048,0.8294890428571429,0.07324308545413022,0.33253699999999986,1.065883,0.733346,-0.0005206738095238095,2,2468.0,2048.0
2049,0.8289653238095238,0.07283929046263361,0.33253699999999986,1.065883,0.733346,-0.0005206738095238097,2,2469.0,2049.0
2050,0.8284507404761904,0.07243211600248148,0.33253699999999986,1.065883,0.733346,-0.00048716904761904756,2,2470.0,2050.0
2051,0.8279635714285714,0.07208004652274504,0.33253699999999986,1.065883,0.733346,-0.000508490476190476,2,2471.0,2051.0
2052,0.8274611738095238,0.0716713513278345,0.33253699999999986,1.065883,0.733346,-0.0005237190476190473,2,2472.0,2052.0
2053,0.8269496380952381,0.0711986410735919,0.33253699999999986,1.065883,0.733346,-0.00048716904761904756,2,2473.0,2053.0
2054,0.8264472404761904,0.07078673832638009,0.33253699999999986,1.065883,0.733346,-0.00048716904761904756,2,2474.0,2054.0
2055,0.8259692071428572,0.07039793330156008,0.33253699999999986,1.065883,0.733346,-0.0005054452380952381,2,2475.0,2055.0
2056,0.8254485333333333,0.06994923118064397,0.33253699999999986,1.065883,0.733346,-0.0005572238095238095,2,2476.0,2056.0
2057,0.8249004476190477,0.06939382169211991,0.33253699999999986,1.065883,0.733346,-0.0005876809523809521,2,2477.0,2057.0
2058,0.8242975357142858,0.06872775825205917,0.33253699999999986,1.065883,0.733346,-0.0006485999999999999,2,2478.0,2058.0
2059,0.8236580738095237,0.0679000040582212,0.33253699999999986,1.065883,0.733346,-0.0006150952380952378,2,2479.0,2059.0
2060,0.8230247047619048,0.06714857225073989,0.33253699999999986,1.065883,0.733346,-0.0006516452380952378,2,2480.0,2060.0
2061,0.822388288095238,0.06631137832303242,0.33253699999999986,1.065883,0.733346,-0.0006881952380952379,2,2481.0,2061.0
2062,0.8217000928571428,0.0652724965659784,0.2967869999999999,1.030133,0.733346,-0.0005604333333333335,2,2482.0,2062.0
2063,0.8211274761904762,0.0646505334069396,0.2967869999999999,1.030133,0.733346,-0.000578709523809524,2,2483.0,2063.0
2064,0.8205487666666668,0.0639990399147692,0.2967869999999999,1.030133,0.733346,-0.0006030761904761904,2,2484.0,2064.0
2065,0.8199365523809523,0.06326583154082477,0.2967869999999999,1.030133,0.733346,-0.0006243976190476191,2,2485.0,2065.0
2066,0.8193243380952381,0.062467901817081624,0.27503900000000003,1.008385,0.733346,-0.0005604333333333335,2,2486.0,2066.0
2067,0.81876695,0.06181952747111759,0.27376,1.007106,0.733346,-0.0005208380952380951,2,2487.0,2067.0
2068,0.8182400214285713,0.061272655481614216,0.27376,1.007106,0.733346,-0.0005604333333333335,2,2488.0,2068.0
2069,0.817679588095238,0.06061556370492688,0.2635259999999999,0.996872,0.733346,-0.0005360666666666667,2,2489.0,2069.0
2070,0.8171374285714285,0.06002586442182866,0.254571,0.987917,0.733346,-0.0005208380952380953,2,2490.0,2070.0
2071,0.8166135452380953,0.05949086801574676,0.2468959999999999,0.980242,0.733346,-0.0005056095238095238,2,2491.0,2071.0
2072,0.8161079357142855,0.05899841304752883,0.2468959999999999,0.980242,0.733346,-0.0005056095238095238,2,2492.0,2072.0
2073,0.8156053714285715,0.05849499205438867,0.23922,0.972566,0.733346,-0.0004842880952380954,2,2493.0,2073.0
2074,0.8151088999999999,0.05804384468583908,0.2353829999999999,0.968729,0.733346,-0.0004781976190476193,2,2494.0,2074.0
2075,0.8146459333333333,0.05762124039900013,0.2353829999999999,0.968729,0.733346,-0.0004568738095238093,2,2495.0,2075.0
2076,0.8141921047619048,0.05720538810094292,0.2353829999999999,0.968729,0.733346,-0.00045078333333333355,2,2496.0,2076.0
2077,0.8137413214285714,0.05679079760048334,0.2353829999999999,0.968729,0.733346,-0.00041118809523809534,2,2497.0,2077.0
2078,0.8133331785714285,0.0564651961188653,0.2353829999999999,0.968729,0.733346,-0.0004599214285714285,2,2498.0,2078.0
2079,0.8128763023809524,0.05600110432704914,0.2353829999999999,0.968729,0.733346,-0.0004507857142857143,2,2499.0,2079.0
2080,0.8124316095238096,0.05554205152529031,0.2353829999999999,0.968729,0.733346,-0.00045382857142857143,2,2500.0,2080.0
2081,0.8119625523809524,0.055060708112648744,0.2353829999999999,0.968729,0.733346,-0.00047210476190476166,2,2501.0,2081.0
2082,0.8115117690476191,0.054548046035988125,0.2353829999999999,0.968729,0.733346,-0.0004446904761904762,2,2502.0,2082.0
2083,0.8110640309523809,0.054046213949478936,0.2353829999999999,0.968729,0.733346,-0.00045383095238095216,2,2503.0,2083.0
2084,0.8106132476190475,0.05351626774898958,0.23410299999999995,0.967449,0.733346,-0.00044773571428571434,2,2504.0,2084.0
2085,0.8101624642857143,0.05298807582273906,0.23282399999999992,0.96617,0.733346,-0.00044773809523809507,2,2505.0,2085.0
2086,0.8097147261904762,0.052459811523078624,0.2289859999999999,0.962332,0.733346,-0.0004385999999999998,2,2506.0,2086.0
2087,0.8092669880952381,0.05195539788600137,0.22642799999999996,0.959774,0.733346,-0.00044164761904761903,2,2507.0,2087.0
2088,0.808828388095238,0.05145815418269352,0.22131099999999992,0.954657,0.733346,-0.0004203238095238096,2,2508.0,2088.0
2089,0.8084050166666666,0.0510071767689626,0.22131099999999992,0.954657,0.733346,-0.0004294642857142856,2,2509.0,2089.0
2090,0.8079694619047619,0.05053531653894538,0.21747299999999992,0.950819,0.733346,-0.0004264166666666667,2,2510.0,2090.0
2091,0.8075430452380953,0.05008171953612987,0.21107699999999996,0.944423,0.733346,-0.00041118809523809534,2,2511.0,2091.0
2092,0.8071349023809524,0.04966128016907082,0.20595999999999992,0.939306,0.733346,-0.00039595952380952373,2,2512.0,2092.0
2093,0.806748080952381,0.0492613929463276,0.204681,0.938027,0.733346,-0.0003807285714285714,2,2513.0,2093.0
2094,0.8063673523809525,0.04887158743316747,0.204681,0.938027,0.733346,-0.0003715928571428572,2,2514.0,2094.0
2095,0.8060018523809523,0.04849642974053048,0.204681,0.938027,0.733346,-0.0003655000000000001,2,2515.0,2095.0
2096,0.8056333047619048,0.04811727304095273,0.204681,0.938027,0.733346,-0.00038073095238095244,2,2516.0,2096.0
2097,0.8052647571428571,0.047692733840582466,0.19956399999999996,0.93291,0.733346,-0.00035636428571428585,2,2517.0,2097.0
2098,0.8048840261904762,0.047308946931559605,0.19700499999999999,0.930351,0.733346,-0.00037463809523809535,2,2518.0,2098.0
2099,0.8045307095238096,0.04692315208185162,0.19444699999999993,0.927793,0.733346,-0.00034722619047619033,2,2519.0,2099.0
2100,0.8041804380952381,0.04654931605316663,0.18933,0.922676,0.733346,-0.00033808809523809536,2,2520.0,2100.0
2101,0.8038393047619048,0.04620338840926709,0.18421299999999996,0.917559,0.733346,-0.00032895000000000005,2,2521.0,2101.0
2102,0.8035073071428571,0.04588493170927889,0.1829329999999999,0.916279,0.733346,-0.00032894999999999984,2,2522.0,2102.0
2103,0.8031814047619047,0.04556780454655799,0.18037499999999995,0.913721,0.733346,-0.0003198119047619048,2,2523.0,2103.0
2104,0.8028585452380953,0.04526282276933193,0.18037499999999995,0.913721,0.733346,-0.0003198142857142856,2,2524.0,2104.0
2105,0.8025387309523809,0.04496094115712833,0.18037499999999995,0.913721,0.733346,-0.0003137214285714285,2,2525.0,2105.0
2106,0.8022280571428572,0.04466798916691664,0.18037499999999995,0.913721,0.733346,-0.00031067380952380956,2,2526.0,2106.0
2107,0.8019173833333333,0.044370927940093396,0.18037499999999995,0.913721,0.733346,-0.00029849047619047615,2,2527.0,2107.0
2108,0.8016249833333334,0.04409599683279985,0.18037499999999995,0.913721,0.733346,-0.00028630952380952375,2,2528.0,2108.0
2109,0.8013386738095237,0.043831586014684065,0.18037499999999995,0.913721,0.733346,-0.0002771714285714285,2,2529.0,2109.0
2110,0.8010584571428573,0.04358587846223078,0.18037499999999995,0.913721,0.733346,-0.00028021666666666666,2,2530.0,2110.0
2111,0.8007721476190477,0.04333997122086986,0.18037499999999995,0.913721,0.733346,-0.00028021666666666666,2,2531.0,2111.0
2112,0.8004980238095241,0.04310143338064408,0.18037499999999995,0.913721,0.733346,-0.0002710785714285714,2,2532.0,2112.0
2113,0.8002299904761906,0.04286521692345844,0.18037499999999995,0.913721,0.733346,-0.0002558499999999998,2,2533.0,2113.0
2114,0.7999710952380953,0.04265362680019106,0.18037499999999995,0.913721,0.733346,-0.0002649880952380953,2,2534.0,2114.0
2115,0.7997121976190475,0.04242378973711054,0.18037499999999995,0.913721,0.733346,-0.00026194285714285716,2,2535.0,2115.0
2116,0.7994502547619048,0.042184387359536016,0.18037499999999995,0.913721,0.733346,-0.00026803333333333347,2,2536.0,2116.0
2117,0.7991913595238095,0.04192507682284786,0.18037499999999995,0.913721,0.733346,-0.00024366666666666664,2,2537.0,2117.0
2118,0.7989416023809524,0.04169868961269297,0.18037499999999995,0.913721,0.733346,-0.0002710785714285714,2,2538.0,2118.0
2119,0.7986705238095239,0.04142058092838235,0.18037499999999995,0.913721,0.733346,-0.00027412380952380956,2,2539.0,2119.0
2120,0.7983903071428572,0.04113360279351556,0.18037499999999995,0.913721,0.733346,-0.00028326190476190454,2,2540.0,2120.0
2121,0.798113138095238,0.040832847472930374,0.18037499999999995,0.913721,0.733346,-0.0002680333333333332,2,2541.0,2121.0
2122,0.7978329214285714,0.04055553473954564,0.18037499999999995,0.913721,0.733346,-0.0002832619047619048,2,2542.0,2122.0
2123,0.79755575,0.040264235283542296,0.18037499999999995,0.913721,0.733346,-0.0002710785714285714,2,2543.0,2123.0
2124,0.7972785809523809,0.039986631743093,0.18037499999999995,0.913721,0.733346,-0.00027412380952380956,2,2544.0,2124.0
2125,0.7970105476190475,0.0397101768390148,0.18037499999999995,0.913721,0.733346,-0.00025889523809523795,2,2545.0,2125.0
2126,0.7967455619047619,0.039454653643783644,0.18037499999999995,0.913721,0.733346,-0.0002588952380952382,2,2546.0,2126.0
2127,0.7964805738095238,0.03921296430126357,0.18037499999999995,0.913721,0.733346,-0.00025889523809523795,2,2547.0,2127.0
2128,0.7962216785714286,0.03898214327372663,0.18037499999999995,0.913721,0.733346,-0.0002467119047619048,2,2548.0,2128.0
2129,0.7959719214285715,0.03877713108774562,0.18037499999999995,0.913721,0.733346,-0.00024975714285714297,2,2549.0,2129.0
2130,0.7957160714285715,0.03857279818497366,0.18037499999999995,0.913721,0.733346,-0.00024366666666666664,2,2550.0,2130.0
2131,0.7954663142857143,0.03839560674882933,0.18037499999999995,0.913721,0.733346,-0.00024671190476190455,2,2551.0,2131.0
2132,0.7952226476190476,0.0382203717755537,0.18037499999999995,0.913721,0.733346,-0.00023757619047619057,2,2552.0,2132.0
2133,0.7949759333333334,0.03806126770641468,0.18037499999999995,0.913721,0.733346,-0.0002528047619047619,2,2553.0,2133.0
2134,0.7947292214285714,0.037883232945095886,0.18037499999999995,0.913721,0.733346,-0.00023757380952380954,2,2554.0,2134.0
2135,0.7944855547619049,0.0377256506217915,0.18037499999999995,0.913721,0.733346,-0.0002467142857142858,2,2555.0,2135.0
2136,0.7942418857142857,0.03755752490724551,0.18037499999999995,0.913721,0.733346,-0.0002345309523809524,2,2556.0,2136.0
2137,0.7939982190476191,0.03741205898306077,0.18037499999999995,0.913721,0.733346,-0.0002467119047619048,2,2557.0,2137.0
2138,0.7937393238095238,0.03726846653993164,0.18037499999999995,0.913721,0.733346,-0.0002528047619047619,2,2558.0,2138.0
2139,0.7935017476190477,0.03712234255286827,0.18037499999999995,0.913721,0.733346,-0.0002345285714285714,2,2559.0,2139.0
2140,0.7932611261904762,0.036984691176289476,0.18037499999999995,0.913721,0.733346,-0.00023757619047619057,2,2560.0,2140.0
2141,0.7930083214285714,0.03686414898630889,0.18037499999999995,0.913721,0.733346,-0.0002467142857142858,2,2561.0,2141.0
2142,0.7927677000000001,0.03674743006376027,0.18037499999999995,0.913721,0.733346,-0.00021930000000000005,2,2562.0,2142.0
2143,0.792566673809524,0.036651931861782436,0.18037499999999995,0.913721,0.733346,-0.00020711666666666689,2,2563.0,2143.0
2144,0.7923595571428572,0.03654487512567934,0.18037499999999995,0.913721,0.733346,-0.00021016428571428582,2,2564.0,2144.0
2145,0.7921646214285714,0.03642221642502616,0.18037499999999995,0.913721,0.733346,-0.00018579761904761896,2,2565.0,2145.0
2146,0.791987961904762,0.03630979573480565,0.18037499999999995,0.913721,0.733346,-0.00017361428571428553,2,2566.0,2146.0
2147,0.7918204404761905,0.036199109790011605,0.18037499999999995,0.913721,0.733346,-0.00016142857142857137,2,2567.0,2147.0
2148,0.7916651023809524,0.036095477864190685,0.18037499999999995,0.913721,0.733346,-0.00015229285714285712,2,2568.0,2148.0
2149,0.7915158571428572,0.03599499617067921,0.18037499999999995,0.913721,0.733346,-0.00014010714285714267,2,2569.0,2149.0
2150,0.79137575,0.035907334825205355,0.18037499999999995,0.913721,0.733346,-0.00014010714285714267,2,2570.0,2150.0
2151,0.791235642857143,0.03581891091516658,0.18037499999999995,0.913721,0.733346,-0.0001340166666666666,2,2571.0,2151.0
2152,0.7911016261904762,0.03573840850969031,0.18037499999999995,0.913721,0.733346,-0.0001309690476190477,2,2572.0,2152.0
2153,0.7909645642857143,0.03566274578428362,0.18037499999999995,0.913721,0.733346,-0.0001340166666666666,2,2573.0,2153.0
2154,0.7908275023809523,0.035591320056500855,0.18037499999999995,0.913721,0.733346,-0.0001279238095238095,2,2574.0,2154.0
2155,0.7906995785714287,0.03553095943816051,0.18037499999999995,0.913721,0.733346,-0.0001279238095238095,2,2575.0,2155.0
2156,0.790583838095238,0.03546751340999356,0.18037499999999995,0.913721,0.733346,-0.00011878809523809501,2,2576.0,2156.0
2157,0.7904741880952381,0.03539902643307946,0.18037499999999995,0.913721,0.733346,-0.00010051190476190477,2,2577.0,2157.0
2158,0.7903736761904763,0.03534128969801409,0.18037499999999995,0.913721,0.733346,-0.00011574047619047636,2,2578.0,2158.0
2159,0.7902427047619048,0.03526548637142035,0.18037499999999995,0.913721,0.733346,-0.00014315476190476187,2,2579.0,2159.0
2160,0.7901421928571428,0.03517398603146049,0.18037499999999995,0.913721,0.733346,-0.00011878809523809501,2,2580.0,2160.0
2161,0.7900325428571427,0.03505556348373891,0.18037499999999995,0.913721,0.733346,-0.00010355714285714293,2,2581.0,2161.0
2162,0.7899442142857143,0.034954778763994436,0.18037499999999995,0.913721,0.733346,-9.74666666666666e-05,2,2582.0,2162.0
2163,0.7898772047619047,0.034861997115237596,0.18037499999999995,0.913721,0.733346,-4.873333333333317e-05,2,2583.0,2163.0
2164,0.7898863428571428,0.03487685055908208,0.18037499999999995,0.913721,0.733346,3.9595238095238176e-05,2,2584.0,2164.0
2165,0.7899503047619046,0.0349782347948587,0.18037499999999995,0.913721,0.733346,3.959523809523791e-05,2,2585.0,2165.0
2166,0.7900203595238094,0.035111785913832946,0.18037499999999995,0.913721,0.733346,2.1321428571428683e-05,2,2586.0,2166.0
2167,0.7900508166666665,0.0351801697316787,0.18037499999999995,0.913721,0.733346,3.9595238095238176e-05,2,2587.0,2167.0
2168,0.7901147785714284,0.03532905393434995,0.18037499999999995,0.913721,0.733346,8.223571428571425e-05,2,2588.0,2168.0
2169,0.790193969047619,0.03550237645334121,0.18037499999999995,0.913721,0.733346,8.223809523809528e-05,2,2589.0,2169.0
2170,0.790276207142857,0.035679816975993935,0.18037499999999995,0.913721,0.733346,7.614523809523818e-05,2,2590.0,2170.0
2171,0.7903828119047619,0.035931028156407176,0.18037499999999995,0.913721,0.733346,0.00010051428571428553,2,2591.0,2171.0
2172,0.7904772333333333,0.036151808096228165,0.18037499999999995,0.913721,0.733346,8.832857142857134e-05,2,2592.0,2172.0
2173,0.790547288095238,0.03630965192493393,0.18037499999999995,0.913721,0.733346,6.091666666666659e-05,2,2593.0,2173.0
2174,0.7905990666666667,0.0364257905827246,0.18037499999999995,0.913721,0.733346,3.0459523809523674e-05,2,2594.0,2174.0
2175,0.7905990666666667,0.03642579058272459,0.18037499999999995,0.913721,0.733346,-2.4366666666666584e-05,2,2595.0,2175.0
2176,0.7905929761904761,0.03641097595740688,0.18037499999999995,0.913721,0.733346,-1.2183333333333424e-05,2,2596.0,2176.0
2177,0.7905747000000001,0.03636647814894397,0.18037499999999995,0.913721,0.733346,-3.350476190476184e-05,2,2597.0,2177.0
2178,0.7905411952380952,0.03628178396884423,0.18037499999999995,0.913721,0.733346,-4.568809523809526e-05,2,2598.0,2178.0
2179,0.7904955071428571,0.036162690522632074,0.18037499999999995,0.913721,0.733346,-7.919285714285711e-05,2,2599.0,2179.0
2180,0.7904163142857141,0.03593968906298552,0.18037499999999995,0.913721,0.733346,-9.137619047619053e-05,2,2600.0,2180.0
2181,0.7903249380952381,0.03567387714949302,0.1752579999999999,0.908604,0.733346,-7.919285714285711e-05,2,2601.0,2181.0
2182,0.7902396547619047,0.03543301477466018,0.1714199999999999,0.904766,0.733346,-7.614523809523793e-05,2,2602.0,2182.0
2183,0.7901604642857143,0.03521345408357924,0.16886199999999996,0.902208,0.733346,-7.310000000000002e-05,2,2603.0,2183.0
2184,0.7900751809523809,0.034984614679756956,0.16630299999999998,0.899649,0.733346,-7.919047619047635e-05,2,2604.0,2184.0
2185,0.7899990357142856,0.034780247526038886,0.16374499999999992,0.897091,0.733346,-6.396190476190475e-05,2,2605.0,2185.0
2186,0.7899198452380953,0.034579433072858996,0.16374499999999992,0.897091,0.733346,-7.005238095238083e-05,2,2606.0,2186.0
2187,0.7898589285714286,0.03442403785915057,0.16374499999999992,0.897091,0.733346,-4.873333333333317e-05,2,2607.0,2187.0
2188,0.78980715,0.034296143224912194,0.16374499999999992,0.897091,0.733346,-4.568809523809526e-05,2,2608.0,2188.0
2189,0.7897919214285716,0.03425614752866603,0.16374499999999992,0.897091,0.733346,-6.0904761904760696e-06,2,2609.0,2189.0
2190,0.7898162880952382,0.03432329596644726,0.16374499999999992,0.897091,0.733346,3.0457142857142653e-05,2,2610.0,2190.0
2191,0.7898589285714284,0.03444203006709269,0.16374499999999992,0.897091,0.733346,5.4823809523809504e-05,2,2611.0,2191.0
2192,0.789901569047619,0.03455398971509581,0.16374499999999992,0.897091,0.733346,4.264047619047608e-05,2,2612.0,2192.0
2193,0.7899350714285714,0.034639809183800885,0.16374499999999992,0.897091,0.733346,3.654999999999974e-05,2,2613.0,2193.0
2194,0.7899807595238095,0.03475813114841283,0.16374499999999992,0.897091,0.733346,4.873333333333317e-05,2,2614.0,2194.0
2195,0.790038630952381,0.034909464806287455,0.16374499999999992,0.897091,0.733346,6.091666666666659e-05,2,2615.0,2195.0
2196,0.7901025928571428,0.03507585436115829,0.16374499999999992,0.897091,0.733346,6.700714285714292e-05,2,2616.0,2196.0
2197,0.7901726452380953,0.035257053505515897,0.16374499999999992,0.897091,0.733346,7.614523809523818e-05,2,2617.0,2197.0
2198,0.79027925,0.03554611129869101,0.1752579999999999,0.908604,0.733346,0.00011878809523809528,2,2618.0,2198.0
2199,0.7904132666666667,0.0359081326475445,0.18165399999999998,0.915,0.733346,0.00014620000000000003,2,2619.0,2199.0
2200,0.7905899261904762,0.03639772041628012,0.19444699999999993,0.927793,0.733346,0.00017970476190476187,2,2620.0,2200.0
2201,0.790769630952381,0.03688509797348794,0.19444699999999993,0.927793,0.733346,0.00018884285714285714,2,2621.0,2201.0
2202,0.7909676095238095,0.037413684796824005,0.1982839999999999,0.93163,0.733346,0.0001949333333333332,2,2622.0,2202.0
2203,0.7911655904761904,0.037940557201570246,0.19956399999999996,0.93291,0.733346,0.00020102619047619055,2,2623.0,2203.0
2204,0.7913605238095238,0.038441540702138816,0.19956399999999996,0.93291,0.733346,0.00019797857142857164,2,2624.0,2204.0
2205,0.7915554571428572,0.03892869873072064,0.19956399999999996,0.93291,0.733346,0.00020102619047619055,2,2625.0,2205.0
2206,0.7917503904761904,0.039396211129642124,0.19956399999999996,0.93291,0.733346,0.00019493333333333345,2,2626.0,2206.0
2207,0.7919331404761906,0.03981691283662999,0.19956399999999996,0.93291,0.733346,0.00020102380952380955,2,2627.0,2207.0
2208,0.792121980952381,0.04021612170605002,0.19956399999999996,0.93291,0.733346,0.00017361190476190478,2,2628.0,2208.0
2209,0.7923016857142857,0.04061137400691826,0.19956399999999996,0.93291,0.733346,0.00018884285714285714,2,2629.0,2209.0
2210,0.7924905285714285,0.04101293836068998,0.19956399999999996,0.93291,0.733346,0.00018275000000000005,2,2630.0,2210.0
2211,0.792685461904762,0.04144052542340163,0.19956399999999996,0.93291,0.733346,0.00020407142857142846,2,2631.0,2211.0
2212,0.7929078071428571,0.041931984364120024,0.19956399999999996,0.93291,0.733346,0.00022234523809523796,2,2632.0,2212.0
2213,0.7931271071428572,0.04240668530797885,0.19956399999999996,0.93291,0.733346,0.00021320714285714295,2,2633.0,2213.0
2214,0.7933555428571429,0.04291822216517818,0.20340099999999994,0.936747,0.733346,0.0002314833333333332,2,2634.0,2214.0
2215,0.7936388071428572,0.0436090534243745,0.22514899999999993,0.958495,0.733346,0.00028326428571428554,2,2635.0,2215.0
2216,0.7939708047619048,0.04447921181529076,0.24561699999999997,0.978963,0.733346,0.00033504285714285715,2,2636.0,2216.0
2217,0.7943850380952381,0.045683431091260836,0.27887700000000004,1.012223,0.733346,0.00041118809523809534,2,2637.0,2217.0
2218,0.7948540976190476,0.04713288290433553,0.303183,1.036529,0.733346,0.0004751500000000001,2,2638.0,2218.0
2219,0.795350569047619,0.048647714324592244,0.312138,1.045484,0.733346,0.0004995166666666669,2,2639.0,2219.0
2220,0.7958531309523811,0.050129526272347666,0.31341700000000006,1.046763,0.733346,0.0005147452380952382,2,2640.0,2220.0
2221,0.7964013809523809,0.05173952705029501,0.3274889999999999,1.060835,0.733346,0.0005421595238095238,2,2641.0,2221.0
2222,0.7969557238095238,0.05335216924013944,0.33260599999999996,1.065952,0.733346,0.0005665261904761904,2,2642.0,2222.0
2223,0.7974978833333334,0.05480225699612857,0.33260599999999996,1.065952,0.733346,0.0005452047619047617,2,2643.0,2223.0
2224,0.7980278595238095,0.05614232511137403,0.33260599999999996,1.065952,0.733346,0.0005391142857142859,2,2644.0,2224.0
2225,0.7985547880952379,0.05739776073237362,0.33260599999999996,1.065952,0.733346,0.0005269285714285712,2,2645.0,2225.0
2226,0.7990664880952382,0.05855869998099466,0.33260599999999996,1.065952,0.733346,0.0005208380952380953,2,2646.0,2226.0
2227,0.7996025547619047,0.05975750777843617,0.33260599999999996,1.065952,0.733346,0.0005360666666666664,2,2647.0,2227.0
2228,0.8001355761904761,0.060915850191738195,0.33260599999999996,1.065952,0.733346,0.0005512952380952383,2,2648.0,2228.0
2229,0.800647276190476,0.06190281922674408,0.33260599999999996,1.065952,0.733346,0.0005025619047619046,2,2649.0,2229.0
2230,0.8011315642857142,0.06280400465619522,0.33260599999999996,1.065952,0.733346,0.0004903809523809524,2,2650.0,2230.0
2231,0.8016158523809522,0.06366929650233319,0.33260599999999996,1.065952,0.733346,0.0004964714285714288,2,2651.0,2231.0
2232,0.8021184166666666,0.06454118106600962,0.33260599999999996,1.065952,0.733346,0.000505609523809524,2,2652.0,2232.0
2233,0.8026087952380954,0.06534820022701815,0.33260599999999996,1.065952,0.733346,0.0004903785714285718,2,2653.0,2233.0
2234,0.8030809000000001,0.06608499443717483,0.33260599999999996,1.065952,0.733346,0.0004751500000000001,2,2654.0,2234.0
2235,0.8035590952380952,0.06681961216731903,0.33260599999999996,1.065952,0.733346,0.0004812428571428572,2,2655.0,2235.0
2236,0.8040433833333334,0.06755199507023996,0.33260599999999996,1.065952,0.733346,0.0004842880952380954,2,2656.0,2236.0
2237,0.804521580952381,0.0682551271422198,0.33260599999999996,1.065952,0.733346,0.0004903809523809524,2,2657.0,2237.0
2238,0.805011961904762,0.06894709086333954,0.33260599999999996,1.065952,0.733346,0.000478197619047619,2,2658.0,2238.0
2239,0.8054932047619048,0.06963821925091872,0.33260599999999996,1.065952,0.733346,0.0004842880952380954,2,2659.0,2239.0
2240,0.8059774928571428,0.07031913613544798,0.33260599999999996,1.065952,0.733346,0.0004842880952380954,2,2660.0,2240.0
2241,0.8064739642857143,0.0710248634129939,0.33260599999999996,1.065952,0.733346,0.0004995166666666667,2,2661.0,2241.0
2242,0.8070039380952381,0.0718092639411682,0.33260599999999996,1.065952,0.733346,0.0005360666666666667,2,2662.0,2242.0
2243,0.807576557142857,0.07269332241160265,0.33260599999999996,1.065952,0.733346,0.0005695714285714285,2,2663.0,2243.0
2244,0.8081400357142857,0.07354364557047974,0.33260599999999996,1.065952,0.733346,0.0005604333333333333,2,2664.0,2244.0
2245,0.8087248357142858,0.07445658463148115,0.33260599999999996,1.065952,0.733346,0.0005848000000000001,2,2665.0,2245.0
2246,0.8092974523809525,0.07531593756171474,0.33260599999999996,1.065952,0.733346,0.0005695714285714288,2,2666.0,2246.0
2247,0.8098639785714286,0.076152370886814,0.33260599999999996,1.065952,0.733346,0.000587847619047619,2,2667.0,2247.0
2248,0.8104518261904762,0.07697208653640235,0.33260599999999996,1.065952,0.733346,0.0005726166666666667,2,2668.0,2248.0
2249,0.8109970309523808,0.07770269242611925,0.33260599999999996,1.065952,0.733346,0.0005482523809523809,2,2669.0,2249.0
2250,0.8115239619047618,0.0783643347770283,0.33260599999999996,1.065952,0.733346,0.0005330214285714283,2,2670.0,2250.0
2251,0.8120356619047617,0.07896088969447365,0.33260599999999996,1.065952,0.733346,0.0005147452380952382,2,2671.0,2251.0
2252,0.8125382238095238,0.07951902328540131,0.33260599999999996,1.065952,0.733346,0.0005056095238095238,2,2672.0,2252.0
2253,0.8130377404761906,0.08005481780205825,0.33260599999999996,1.065952,0.733346,0.0005086523809523812,2,2673.0,2253.0
2254,0.8135372571428571,0.080560165824536,0.33260599999999996,1.065952,0.733346,0.0005025642857142856,2,2674.0,2254.0
2255,0.8140367738095238,0.08105139718453659,0.33260599999999996,1.065952,0.733346,0.0005056071428571427,2,2675.0,2255.0
2256,0.8145393357142858,0.08152772350281579,0.33260599999999996,1.065952,0.733346,0.0005056071428571427,2,2676.0,2256.0
2257,0.8150418976190476,0.08199036359993195,0.33260599999999996,1.065952,0.733346,0.0005056095238095238,2,2677.0,2257.0
2258,0.8155444619047619,0.08243954695906094,0.33260599999999996,1.065952,0.733346,0.0005025642857142858,2,2678.0,2258.0
2259,0.8160439785714286,0.08287671719290861,0.33260599999999996,1.065952,0.733346,0.0004934238095238093,2,2679.0,2259.0
2260,0.81654045,0.08331742005049912,0.33260599999999996,1.065952,0.733346,0.0004995166666666667,2,2680.0,2260.0
2261,0.8166168782816229,0.08340207832639303,0.33260599999999996,1.065952,0.733346,0.0004964714285714285,2,2681.0,2261.0
2262,0.8166906124401914,0.08348814051082382,0.33260599999999996,1.065952,0.733346,0.0004964714285714285,2,2682.0,2262.0
2263,0.8167647002398081,0.08357446067987354,0.33260599999999996,1.065952,0.733346,0.0004964714285714285,2,2683.0,2263.0
2264,0.8168391442307692,0.08366104005882542,0.33260599999999996,1.065952,0.733346,0.0004964714285714285,2,2684.0,2264.0
2265,0.8169139469879517,0.08374787988041645,0.33260599999999996,1.065952,0.733346,0.0004903809523809524,2,2685.0,2265.0
2266,0.8169829323671499,0.08383718583596408,0.33260599999999996,1.065952,0.733346,0.0004934261904761906,2,2686.0,2266.0
2267,0.8170553486682808,0.08392568881691809,0.33260599999999996,1.065952,0.733346,0.0004934261904761906,2,2687.0,2267.0
2268,0.8171281165048543,0.08401446463836965,0.33260599999999996,1.065952,0.733346,0.00048733333333333354,2,2688.0,2268.0
2269,0.8171950121654501,0.08410564994475712,0.33260599999999996,1.065952,0.733346,0.0004964714285714285,2,2689.0,2269.0
2270,0.8172715951219514,0.08419384141686824,0.33260599999999996,1.065952,0.733346,0.0004964714285714285,2,2690.0,2270.0
2271,0.8173485525672373,0.08428230108512241,0.33260599999999996,1.065952,0.733346,0.0005025642857142858,2,2691.0,2271.0
2272,0.8174321593137255,0.08436858351771645,0.33260599999999996,1.065952,0.733346,0.0004964714285714285,2,2692.0,2272.0
2273,0.8175098894348893,0.08445757423718459,0.33260599999999996,1.065952,0.733346,0.0005086547619047619,2,2693.0,2273.0
2274,0.8176006059113301,0.08454171523659303,0.33260599999999996,1.065952,0.733346,0.0005086547619047619,2,2694.0,2274.0
2275,0.8176917703703703,0.08462608950120401,0.33260599999999996,1.065952,0.733346,0.0005238857142857143,2,2695.0,2275.0
2276,0.8177992202970298,0.08470316270947974,0.33260599999999996,1.065952,0.733346,0.000514747619047619,2,2696.0,2276.0
2277,0.8178976799007444,0.08478509491655477,0.33260599999999996,1.065952,0.733346,0.0005330214285714285,2,2697.0,2277.0
2278,0.8180157213930348,0.08485740316854766,0.33260599999999996,1.065952,0.733346,0.000514747619047619,2,2698.0,2278.0
2279,0.8181152119700748,0.08493972439522403,0.33260599999999996,1.065952,0.733346,0.0005269309523809524,2,2699.0,2279.0
2280,0.8182279925,0.08501584072199395,0.33260599999999996,1.065952,0.733346,0.0005299761904761906,2,2700.0,2280.0
2281,0.8183445438596489,0.08509038726627861,0.33260599999999996,1.065952,0.733346,0.0005208380952380953,2,2701.0,2281.0
2282,0.8184520376884423,0.08517015607149196,0.33260599999999996,1.065952,0.733346,0.000514747619047619,2,2702.0,2282.0
2283,0.8185536297229218,0.08525326784770049,0.33260599999999996,1.065952,0.733346,0.0005086547619047619,2,2703.0,2283.0
2284,0.8186492727272727,0.08533956834508018,0.33260599999999996,1.065952,0.733346,0.0005117000000000001,2,2704.0,2284.0
2285,0.8187486379746836,0.08542464288875588,0.33260599999999996,1.065952,0.733346,0.0005025642857142858,2,2705.0,2285.0
2286,0.818838769035533,0.0855142212157249,0.33260599999999996,1.065952,0.733346,0.0005056095238095238,2,2706.0,2286.0
2287,0.8189326132315521,0.08560268401569021,0.33260599999999996,1.065952,0.733346,0.0004964714285714285,2,2707.0,2287.0
2288,0.8190171454081634,0.0856954180343287,0.33260599999999996,1.065952,0.733346,0.0004995166666666667,2,2708.0,2288.0
2289,0.8191053810741689,0.08578714703625183,0.33260599999999996,1.065952,0.733346,0.0004934261904761906,2,2709.0,2289.0
2290,0.8191875102564101,0.08588170682707666,0.33260599999999996,1.065952,0.733346,0.0004995166666666667,2,2710.0,2290.0
2291,0.8192766375321338,0.08597400840219144,0.33260599999999996,1.065952,0.733346,0.0004964714285714285,2,2711.0,2291.0
2292,0.8193629278350516,0.08606790316797491,0.33260599999999996,1.065952,0.733346,0.0005056095238095238,2,2712.0,2292.0
2293,0.8194595813953488,0.08615799786778046,0.33260599999999996,1.065952,0.733346,0.0005056095238095238,2,2713.0,2293.0
2294,0.8195567357512952,0.08624835537711197,0.33260599999999996,1.065952,0.733346,0.0004995166666666667,2,2714.0,2294.0
2295,0.8196477480519481,0.08634178002822862,0.33260599999999996,1.065952,0.733346,0.0005056095238095238,2,2715.0,2295.0
2296,0.8197458984375,0.0864326783773468,0.33260599999999996,1.065952,0.733346,0.0005056095238095238,2,2716.0,2296.0
2297,0.8198445613577023,0.08652384293554585,0.33260599999999996,1.065952,0.733346,0.0005238857142857143,2,2717.0,2297.0
2298,0.819963835078534,0.08660556907752778,0.33260599999999996,1.065952,0.733346,0.0005208380952380953,2,2718.0,2298.0
2299,0.820080375328084,0.08668923133199775,0.33260599999999996,1.065952,0.733346,0.0005269309523809524,2,2719.0,2299.0
2300,0.8202042631578949,0.08676953118889875,0.33260599999999996,1.065952,0.733346,0.0005208380952380953,2,2720.0,2300.0
2301,0.8203220527704486,0.08685358127888679,0.33260599999999996,1.065952,0.733346,0.0005269309523809524,2,2721.0,2301.0
2302,0.8204472354497354,0.08693423866120469,0.33260599999999996,1.065952,0.733346,0.0005299761904761906,2,2722.0,2302.0
2303,0.820576474801061,0.0870131873488732,0.33260599999999996,1.065952,0.733346,0.0005299761904761906,2,2723.0,2303.0
2304,0.8207064015957446,0.08709229052242481,0.33260599999999996,1.065952,0.733346,0.0005299761904761906,2,2724.0,2304.0
2305,0.8208370213333332,0.08717154801883208,0.33260599999999996,1.065952,0.733346,0.0005391142857142859,2,2725.0,2305.0
2306,0.820978601604278,0.0872449412676201,0.33260599999999996,1.065952,0.733346,0.0005391142857142859,2,2726.0,2306.0
2307,0.8211209410187666,0.08731843444915098,0.33260599999999996,1.065952,0.733346,0.000551297619047619,2,2727.0,2307.0
2308,0.8212778010752687,0.08738322088781832,0.33260599999999996,1.065952,0.733346,0.0005482523809523811,2,2728.0,2308.0
2309,0.8214320592991913,0.0874503120313737,0.33260599999999996,1.065952,0.733346,0.000551297619047619,2,2729.0,2309.0
2310,0.821590608108108,0.08751514184216655,0.33260599999999996,1.065952,0.733346,0.0005543428571428572,2,2730.0,2310.0
2311,0.8217534823848238,0.08757762560863923,0.33260599999999996,1.065952,0.733346,0.0005604357142857143,2,2731.0,2311.0
2312,0.821924195652174,0.08763520234983488,0.33260599999999996,1.065952,0.733346,0.0005543428571428572,2,2732.0,2312.0
2313,0.8220888664850134,0.08769763999845294,0.33260599999999996,1.065952,0.733346,0.0005482523809523811,2,2733.0,2313.0
2314,0.8222474480874317,0.08776479944791393,0.33260599999999996,1.065952,0.733346,0.0005634809523809525,2,2734.0,2314.0
2315,0.8224244219178082,0.0878197026678286,0.33260599999999996,1.065952,0.733346,0.0005604357142857143,2,2735.0,2315.0
2316,0.8225988543956043,0.0878770850274155,0.33260599999999996,1.065952,0.733346,0.0005452047619047619,2,2736.0,2316.0
2317,0.8227566253443527,0.08794654788008978,0.33260599999999996,1.065952,0.733346,0.0005573880952380954,2,2737.0,2317.0
2318,0.8229294033149172,0.08800639301151998,0.33260599999999996,1.065952,0.733346,0.0005482523809523811,2,2738.0,2318.0
2319,0.8230925096952908,0.08807354492192404,0.33260599999999996,1.065952,0.733346,0.0005543428571428572,2,2739.0,2319.0
2320,0.8232636277777778,0.08813583727299273,0.33260599999999996,1.065952,0.733346,0.0005482523809523811,2,2740.0,2320.0
2321,0.823428573816156,0.08820299823566019,0.33260599999999996,1.065952,0.733346,0.0005543428571428572,2,2741.0,2321.0
2322,0.8236015865921789,0.0882652479619177,0.33260599999999996,1.065952,0.733346,0.0005573880952380954,2,2742.0,2322.0
2323,0.8237791512605042,0.08832490804079049,0.33260599999999996,1.065952,0.733346,0.0005573880952380954,2,2743.0,2323.0
2324,0.823957713483146,0.08838450293905079,0.33260599999999996,1.065952,0.733346,0.0005573880952380954,2,2744.0,2324.0
2325,0.8241372816901409,0.08844402953153013,0.33260599999999996,1.065952,0.733346,0.0005604357142857143,2,2745.0,2325.0
2326,0.8243214802259886,0.08850083927666076,0.33260599999999996,1.065952,0.733346,0.0005604357142857143,2,2746.0,2326.0
2327,0.8245067223796034,0.08855754774449115,0.33260599999999996,1.065952,0.733346,0.0005604357142857143,2,2747.0,2327.0
2328,0.8246930170454544,0.08861415127688375,0.33260599999999996,1.065952,0.733346,0.0005634809523809525,2,2748.0,2328.0
2329,0.8248840170940173,0.08866790959047703,0.33260599999999996,1.065952,0.733346,0.0005695714285714285,2,2749.0,2329.0
2330,0.8250834171428572,0.08871586752054639,0.33260599999999996,1.065952,0.733346,0.0005726190476190477,2,2750.0,2330.0
2331,0.8252876275071632,0.0887606956095944,0.33260599999999996,1.065952,0.733346,0.0005726190476190477,2,2751.0,2331.0
2332,0.8254930114942529,0.08880528486480638,0.33260599999999996,1.065952,0.733346,0.0005665261904761906,2,2752.0,2332.0
2333,0.825692204610951,0.08885548957387758,0.33260599999999996,1.065952,0.733346,0.0005695714285714285,2,2753.0,2333.0
2334,0.82589624566474,0.08890258850575423,0.33260599999999996,1.065952,0.733346,0.0005634809523809525,2,2754.0,2334.0
2335,0.8260940550724638,0.08895527499680043,0.33260599999999996,1.065952,0.733346,0.0005695714285714285,2,2755.0,2335.0
2336,0.8263004505813952,0.0890019510132568,0.33260599999999996,1.065952,0.733346,0.0005695714285714285,2,2756.0,2336.0
2337,0.8265080495626822,0.08904839194044047,0.33260599999999996,1.065952,0.733346,0.0005787095238095238,2,2757.0,2337.0
2338,0.8267280847953216,0.0890853276440732,0.33260599999999996,1.065952,0.733346,0.0005726190476190477,2,2758.0,2338.0
2339,0.8269419090909093,0.08912817948711145,0.33260599999999996,1.065952,0.733346,0.0005939380952380954,2,2759.0,2339.0
2340,0.8271833264705883,0.0891477554950333,0.33260599999999996,1.065952,0.733346,0.0005848023809523811,2,2760.0,2340.0
2341,0.8274148495575222,0.08917701911881991,0.33260599999999996,1.065952,0.733346,0.0005908928571428572,2,2761.0,2341.0
2342,0.8276553106508875,0.08919903286903039,0.33260599999999996,1.065952,0.733346,0.0005787095238095238,2,2762.0,2342.0
2343,0.8278820148367952,0.08923399420735684,0.33260599999999996,1.065952,0.733346,0.0005848023809523811,2,2763.0,2343.0
2344,0.8281176845238094,0.08926190230590833,0.33260599999999996,1.065952,0.733346,0.0005939380952380954,2,2764.0,2344.0
2345,0.8283662149253731,0.08927887494276765,0.33260599999999996,1.065952,0.733346,0.0005908928571428572,2,2765.0,2345.0
2346,0.8286124041916166,0.0892988122422105,0.33260599999999996,1.065952,0.733346,0.0005969857142857143,2,2766.0,2346.0
2347,0.8288677567567568,0.08931095230032363,0.33260599999999996,1.065952,0.733346,0.0006000309523809525,2,2767.0,2347.0
2348,0.8291285,0.0893187100063688,0.33260599999999996,1.065952,0.733346,0.0006030761904761906,2,2768.0,2348.0
2349,0.8293946827794563,0.08932195073005646,0.33260599999999996,1.065952,0.733346,0.0006030761904761906,2,2769.0,2349.0
2350,0.8296624787878788,0.08932441054097126,0.33260599999999996,1.065952,0.733346,0.0006030761904761906,2,2770.0,2350.0
2351,0.8299319027355623,0.08932607506313633,0.33260599999999996,1.065952,0.733346,0.0006000309523809525,2,2771.0,2351.0
2352,0.8301990701219513,0.08933079456882108,0.33260599999999996,1.065952,0.733346,0.0006061214285714285,2,2772.0,2352.0
2353,0.8304756941896025,0.08932690329978826,0.33260599999999996,1.065952,0.733346,0.0006030761904761906,2,2773.0,2353.0
2354,0.8307500920245399,0.08932609263803752,0.33260599999999996,1.065952,0.733346,0.0006061214285714285,2,2774.0,2354.0
2355,0.8310301138461539,0.0893204325749763,0.33260599999999996,1.065952,0.733346,0.0006061214285714285,2,2775.0,2355.0
2356,0.831311864197531,0.08931385112962612,0.33260599999999996,1.065952,0.733346,0.0006091690476190477,2,2776.0,2356.0
2357,0.8315993219814242,0.08930222688080942,0.33260599999999996,1.065952,0.733346,0.0006061214285714285,2,2777.0,2357.0
2358,0.8318845900621117,0.08929372544244617,0.33260599999999996,1.065952,0.733346,0.0006091690476190477,2,2778.0,2358.0
2359,0.8321756230529596,0.08928009350041913,0.33260599999999996,1.065952,0.733346,0.0006122142857142859,2,2779.0,2359.0
2360,0.832472471875,0.089261178554771,0.33260599999999996,1.065952,0.733346,0.0006030761904761906,2,2780.0,2360.0
2361,0.8327591504702194,0.08925377073489625,0.33260599999999996,1.065952,0.733346,0.0006091690476190477,2,2781.0,2361.0
2362,0.833055679245283,0.08923697212706487,0.33260599999999996,1.065952,0.733346,0.0006091690476190477,2,2782.0,2362.0
2363,0.8333540788643532,0.08921906945650483,0.33260599999999996,1.065952,0.733346,0.0006122142857142859,2,2783.0,2363.0
2364,0.833658414556962,0.0891956935864224,0.33260599999999996,1.065952,0.733346,0.0006030761904761906,2,2784.0,2364.0
2365,0.8339524984126985,0.08918407442364572,0.33260599999999996,1.065952,0.733346,0.0006213523809523809,2,2785.0,2365.0
2366,0.8342729012738853,0.0891447835453301,0.330047,1.065952,0.735905,0.0006000309523809525,2,2786.0,2366.0
2367,0.8345667412140576,0.08913512319322306,0.330047,1.065952,0.735905,0.0006030761904761906,2,2787.0,2367.0
2368,0.8348665641025641,0.08912013468873461,0.330047,1.065952,0.735905,0.0005969857142857143,2,2788.0,2368.0
2369,0.8351600900321543,0.08911260031231702,0.330047,1.065952,0.735905,0.0006030761904761906,2,2789.0,2369.0
2370,0.8354637612903225,0.08909541286802404,0.330047,1.065952,0.735905,0.0006000309523809525,2,2790.0,2370.0
2371,0.8357652588996763,0.08908143824572266,0.330047,1.065952,0.735905,0.0006061214285714285,2,2791.0,2371.0
2372,0.8360770194805194,0.08905747643527241,0.330047,1.065952,0.735905,0.0005939380952380954,2,2792.0,2372.0
2373,0.8363741433224757,0.08904986083062344,0.330047,1.065952,0.735905,0.0006122142857142859,2,2793.0,2373.0
2374,0.8366982941176471,0.08901423880164551,0.330047,1.065952,0.735905,0.0006152595238095238,2,2794.0,2374.0
2375,0.8370287639344263,0.0889724404522151,0.32876800000000006,1.065952,0.737184,0.0006122142857142859,2,2795.0,2375.0
2376,0.8373572006578947,0.08893387649782356,0.32620899999999997,1.065952,0.739743,0.0006061214285714285,2,2796.0,2376.0
2377,0.8376793597359736,0.08890324170332058,0.318534,1.065952,0.747418,0.000587847619047619,2,2797.0,2377.0
2378,0.8379782384105959,0.08889820774023853,0.315975,1.065952,0.749977,0.000581754761904762,2,2798.0,2378.0
2379,0.8382706013289035,0.0889006918838605,0.3083,1.065952,0.757652,0.0005573880952380954,2,2799.0,2379.0
2380,0.8385307999999999,0.08893423836149945,0.3083,1.065952,0.757652,0.0005299761904761906,2,2800.0,2380.0
2381,0.8387542341137125,0.0889987326661414,0.3083,1.065952,0.757652,0.0005056095238095238,2,2801.0,2381.0
2382,0.8389448255033557,0.08908699679434325,0.3083,1.065952,0.757652,0.0004842880952380954,2,2802.0,2382.0
2383,0.8391065488215489,0.08919316776441069,0.3083,1.065952,0.757652,0.00047210476190476193,2,2803.0,2383.0
2384,0.8392520777027027,0.0893084964498478,0.3083,1.065952,0.757652,0.0004660142857142859,2,2804.0,2384.0
2385,0.8393899220338983,0.08942829830745302,0.3083,1.065952,0.757652,0.00044164761904761903,2,2805.0,2385.0
2386,0.8394938945578231,0.08956245650131592,0.3083,1.065952,0.757652,0.00044164761904761903,2,2806.0,2386.0
2387,0.8395985767918088,0.08969720597806494,0.3083,1.065952,0.757652,0.0004446928571428572,2,2807.0,2387.0
2388,0.8397083561643836,0.08983101387504404,0.3083,1.065952,0.757652,0.00044164761904761903,2,2808.0,2388.0
2389,0.8398144948453607,0.08996695045111477,0.3083,1.065952,0.757652,0.00045078333333333355,2,2809.0,2389.0
2390,0.8399345965517241,0.09009864145494585,0.3083,1.065952,0.757652,0.00044773809523809534,2,2810.0,2390.0
2391,0.8400511038062284,0.09023257672392139,0.3083,1.065952,0.757652,0.00045383095238095243,2,2811.0,2391.0
2392,0.8401773055555555,0.09036362975084011,0.3083,1.065952,0.757652,0.00045383095238095243,2,2812.0,2392.0
2393,0.8403043867595819,0.09049522642281922,0.3083,1.065952,0.757652,0.0004599214285714285,2,2813.0,2393.0
2394,0.8404413006993008,0.09062361880107134,0.3083,1.065952,0.757652,0.0004599214285714285,2,2814.0,2394.0
2395,0.8405791754385964,0.09075251988453976,0.3083,1.065952,0.757652,0.0004690595238095238,2,2815.0,2395.0
2396,0.8407315352112675,0.09087576182761145,0.3083,1.065952,0.757652,0.0004690595238095238,2,2816.0,2396.0
2397,0.8408849717314487,0.09099944825200214,0.3083,1.065952,0.757652,0.00048733333333333354,2,2817.0,2397.0
2398,0.8410667127659575,0.09110936856261541,0.3083,1.065952,0.757652,0.00047210476190476193,2,2818.0,2398.0
2399,0.8412269857651247,0.09123164918739414,0.3083,1.065952,0.757652,0.0004812428571428572,2,2819.0,2399.0
2400,0.8414021107142857,0.09134725862845679,0.3083,1.065952,0.757652,0.00045383095238095243,2,2820.0,2400.0
2401,0.8415372258064516,0.09148288319239146,0.3083,1.065952,0.757652,0.00044773809523809534,2,2821.0,2401.0
2402,0.8416641079136691,0.09162276473461307,0.3083,1.065952,0.757652,0.00045078333333333355,2,2822.0,2402.0
2403,0.841796523465704,0.09176144336028902,0.3083,1.065952,0.757652,0.00045078333333333355,2,2823.0,2403.0
2404,0.8419298985507246,0.0919007224872477,0.3083,1.065952,0.757652,0.00045078333333333355,2,2824.0,2404.0
2405,0.8420642436363637,0.09204060610129297,0.3083,1.065952,0.757652,0.00045687619047619064,2,2825.0,2405.0
2406,0.842208908759124,0.092177197600119,0.3083,1.065952,0.757652,0.0004599214285714285,2,2826.0,2406.0
2407,0.8423593186813186,0.09231229725051628,0.3083,1.065952,0.757652,0.0004660142857142859,2,2827.0,2407.0
2408,0.8425202426470588,0.09244360301548854,0.3083,1.065952,0.757652,0.0004660142857142859,2,2828.0,2408.0
2409,0.8426823542435423,0.09257540668288647,0.3083,1.065952,0.757652,0.0004751500000000001,2,2829.0,2409.0
2410,0.8428598777777778,0.09270063089271445,0.3083,1.065952,0.757652,0.000478197619047619,2,2830.0,2410.0
2411,0.8430434795539034,0.09282376378613563,0.3083,1.065952,0.757652,0.0004751500000000001,2,2831.0,2411.0
2412,0.8432236753731343,0.09294980764226558,0.3083,1.065952,0.757652,0.000478197619047619,2,2832.0,2412.0
2413,0.8434100149812734,0.09307373113103108,0.3083,1.065952,0.757652,0.0004751500000000001,2,2833.0,2413.0
2414,0.8435929436090225,0.09320059791286947,0.3083,1.065952,0.757652,0.0004751500000000001,2,2834.0,2414.0
2415,0.8437772528301887,0.09332788514459381,0.3083,1.065952,0.757652,0.00047210476190476193,2,2835.0,2415.0
2416,0.8439581136363635,0.0934581115213986,0.3083,1.065952,0.757652,0.00047210476190476193,2,2836.0,2416.0
2417,0.844140349809886,0.09358879142416066,0.3083,1.065952,0.757652,0.0004751500000000001,2,2837.0,2417.0
2418,0.844328858778626,0.09371737714927579,0.3083,1.065952,0.757652,0.0004995166666666667,2,2838.0,2418.0
2419,0.8445580229885057,0.09382344410238408,0.3083,1.065952,0.757652,0.0004842880952380954,2,2839.0,2419.0
2420,0.84476435,0.09394458338246237,0.3083,1.065952,0.757652,0.00048733333333333354,2,2840.0,2420.0
2421,0.8449772084942085,0.09406317075063489,0.3083,1.065952,0.757652,0.00048733333333333354,2,2841.0,2421.0
2422,0.8451917170542635,0.09418203966075618,0.3083,1.065952,0.757652,0.0004934261904761906,2,2842.0,2422.0
2423,0.8454178521400777,0.09429516342784901,0.3083,1.065952,0.757652,0.0004964714285714285,2,2843.0,2423.0
2424,0.84565075,0.09440535222467031,0.3083,1.065952,0.757652,0.0004995166666666667,2,2844.0,2424.0
2425,0.8458904901960784,0.0945124717100969,0.3083,1.065952,0.757652,0.0005086547619047619,2,2845.0,2425.0
2426,0.8461472283464567,0.09460954952967328,0.3083,1.065952,0.757652,0.0004995166666666667,2,2846.0,2426.0
2427,0.8463908260869566,0.09471680871755413,0.3083,1.065952,0.757652,0.0005056095238095238,2,2847.0,2427.0
2428,0.8466465119047618,0.09481737294208667,0.3083,1.065952,0.757652,0.0005086547619047619,2,2848.0,2428.0
2429,0.8469093306772908,0.09491441250945064,0.3083,1.065952,0.757652,0.0005117000000000001,2,2849.0,2429.0
2430,0.847179368,0.09500777718562085,0.3083,1.065952,0.757652,0.0005056095238095238,2,2850.0,2430.0
2431,0.8474413012048192,0.09510823512907339,0.3083,1.065952,0.757652,0.0005025642857142858,2,2851.0,2431.0
2432,0.847700189516129,0.09521219313426121,0.3083,1.065952,0.757652,0.00048733333333333354,2,2852.0,2432.0
2433,0.8479352753036435,0.09533287884846206,0.3083,1.065952,0.757652,0.0004934261904761906,2,2853.0,2433.0
2434,0.848182674796748,0.09544728558542644,0.3083,1.065952,0.757652,0.0004812428571428572,2,2854.0,2434.0
2435,0.8484112081632652,0.09557468695496911,0.3083,1.065952,0.757652,0.000478197619047619,2,2855.0,2435.0
2436,0.8486363729508196,0.09570546508773724,0.3083,1.065952,0.757652,0.0004690595238095238,2,2856.0,2436.0
2437,0.848847596707819,0.09584541426492524,0.3083,1.065952,0.757652,0.0004690595238095238,2,2857.0,2437.0
2438,0.8490605661157024,0.09598584287312276,0.3083,1.065952,0.757652,0.00047210476190476193,2,2858.0,2438.0
2439,0.8492806099585062,0.09612384693322495,0.3083,1.065952,0.757652,0.000478197619047619,2,2859.0,2439.0
2440,0.8495131499999999,0.09625622601583149,0.3083,1.065952,0.757652,0.000478197619047619,2,2860.0,2440.0
2441,0.8497476359832635,0.09638896071184797,0.3083,1.065952,0.757652,0.0004842880952380954,2,2861.0,2441.0
2442,0.8499948403361344,0.09651561307469687,0.3083,1.065952,0.757652,0.00048733333333333354,2,2862.0,2442.0
2443,0.8502495274261603,0.0966391767579806,0.3083,1.065952,0.757652,0.0004842880952380954,2,2863.0,2443.0
2444,0.8505009533898306,0.09676632220279227,0.3083,1.065952,0.757652,0.0004842880952380954,2,2864.0,2444.0
2445,0.8507545191489362,0.09689371999351429,0.3083,1.065952,0.757652,0.0004903809523809524,2,2865.0,2445.0
2446,0.851021188034188,0.09701444697828827,0.3083,1.065952,0.757652,0.0004934261904761906,2,2866.0,2446.0
2447,0.851295635193133,0.0971317237342566,0.3083,1.065952,0.757652,0.0004934261904761906,2,2867.0,2447.0
2448,0.8515724482758621,0.09724908367521896,0.3083,1.065952,0.757652,0.0004934261904761906,2,2868.0,2448.0
2449,0.851851658008658,0.09736651919302733,0.3083,1.065952,0.757652,0.0004995166666666667,2,2869.0,2449.0
2450,0.8521444173913043,0.0974764532053529,0.3083,1.065952,0.757652,0.0005025642857142858,2,2870.0,2450.0
2451,0.8524453231441047,0.0975824047014134,0.3083,1.065952,0.757652,0.0005086547619047619,2,2871.0,2451.0
2452,0.8527600877192983,0.09768009889834546,0.3083,1.065952,0.757652,0.0005117000000000001,2,2872.0,2452.0
2453,0.8530832599118943,0.09777331919714459,0.3083,1.065952,0.757652,0.0005117000000000001,2,2873.0,2453.0
2454,0.8534092920353982,0.09786619310231441,0.3083,1.065952,0.757652,0.0005177928571428572,2,2874.0,2454.0
2455,0.8537495955555555,0.09794992317447378,0.3083,1.065952,0.757652,0.000514747619047619,2,2875.0,2455.0
2456,0.8540872276785715,0.0980375931339467,0.3083,1.065952,0.757652,0.0005177928571428572,2,2876.0,2456.0
2457,0.8544336233183857,0.0981202947076105,0.3083,1.065952,0.757652,0.000514747619047619,2,2877.0,2457.0
2458,0.8547773783783784,0.09820696718862854,0.3083,1.065952,0.757652,0.000514747619047619,2,2878.0,2458.0
2459,0.8551242443438914,0.09829312801430334,0.3083,1.065952,0.757652,0.0005025642857142858,2,2879.0,2459.0
2460,0.8554510045454546,0.09839643509084232,0.3083,1.065952,0.757652,0.0005025642857142858,2,2880.0,2460.0
2461,0.8557807488584476,0.09849947689820507,0.3083,1.065952,0.757652,0.0005025642857142858,2,2881.0,2461.0
2462,0.8561135183486238,0.09860223693506293,0.3083,1.065952,0.757652,0.0005117000000000001,2,2882.0,2462.0
2463,0.8564670368663594,0.0986912366717323,0.3083,1.065952,0.757652,0.0005117000000000001,2,2883.0,2463.0
2464,0.8568238287037035,0.0987796963652568,0.3083,1.065952,0.757652,0.000514747619047619,2,2884.0,2464.0
2465,0.8571898930232557,0.09886287035787429,0.3083,1.065952,0.757652,0.0005117000000000001,2,2885.0,2465.0
2466,0.8575533971962618,0.09895014060483223,0.3083,1.065952,0.757652,0.0005177928571428572,2,2886.0,2466.0
2467,0.8579323286384976,0.09902711759720319,0.3083,1.065952,0.757652,0.0005177928571428572,2,2887.0,2467.0
2468,0.8583148349056603,0.09910329070977293,0.3083,1.065952,0.757652,0.0005208380952380953,2,2888.0,2468.0
2469,0.858707028436019,0.0991735877218805,0.3083,1.065952,0.757652,0.000514747619047619,2,2889.0,2469.0
2470,0.8590907761904762,0.0992530271003042,0.3083,1.065952,0.757652,0.000514747619047619,2,2890.0,2470.0
2471,0.8594781961722489,0.09933165835095571,0.3083,1.065952,0.757652,0.0005086547619047619,2,2891.0,2471.0
2472,0.8598570384615384,0.09941940854670868,0.3083,1.065952,0.757652,0.0004964714285714285,2,2892.0,2472.0
2473,0.8602148212560385,0.09952558902714384,0.3083,1.065952,0.757652,0.0005117000000000001,2,2893.0,2473.0
2474,0.8606071262135924,0.09960707355249832,0.3083,1.065952,0.757652,0.0005025642857142858,2,2894.0,2474.0
2475,0.8609845414634145,0.09970267745635197,0.3083,1.065952,0.757652,0.0005177928571428572,2,2895.0,2475.0
2476,0.8613970098039215,0.09977211916869196,0.3083,1.065952,0.757652,0.0005086547619047619,2,2896.0,2476.0
2477,0.8617946354679803,0.09985619125228999,0.3083,1.065952,0.757652,0.0005238857142857143,2,2897.0,2477.0
2478,0.8622278663366336,0.09991256545261822,0.3083,1.065952,0.757652,0.000514747619047619,2,2898.0,2478.0
2479,0.8626463134328358,0.09998407486785267,0.3083,1.065952,0.757652,0.0005330214285714285,2,2899.0,2479.0
2480,0.86310732,0.10002040474457,0.3083,1.065952,0.757652,0.0005177928571428572,2,2900.0,2480.0
2481,0.8635408190954774,0.1000838090690311,0.3083,1.065952,0.757652,0.0005177928571428572,2,2901.0,2481.0
2482,0.8639786969696968,0.10014590810341513,0.3083,1.065952,0.757652,0.0005299761904761906,2,2902.0,2482.0
2483,0.8644469949238579,0.10018328493552235,0.3083,1.065952,0.757652,0.0005299761904761906,2,2903.0,2483.0
2484,0.8649200714285715,0.10021880718582717,0.3083,1.065952,0.757652,0.0005391142857142859,2,2904.0,2484.0
2485,0.8654176820512819,0.10023364318999853,0.3083,1.065952,0.757652,0.0005269309523809524,2,2905.0,2485.0
2486,0.8658940463917524,0.10027123609240014,0.3083,1.065952,0.757652,0.0005238857142857143,2,2906.0,2486.0
2487,0.8663687202072539,0.10031303284728343,0.3083,1.065952,0.757652,0.0005299761904761906,2,2907.0,2487.0
2488,0.8668616614583332,0.10034050628103464,0.3083,1.065952,0.757652,0.0005299761904761906,2,2908.0,2488.0
2489,0.8673597643979056,0.10036580057181296,0.3083,1.065952,0.757652,0.0005360690476190477,2,2909.0,2489.0
2490,0.8678765789473684,0.10037577237892033,0.3083,1.065952,0.757652,0.0005391142857142859,2,2910.0,2490.0
2491,0.8684056296296297,0.10037641229284629,0.3083,1.065952,0.757652,0.0005391142857142859,2,2911.0,2491.0
2492,0.8689403085106382,0.10037422588398418,0.3083,1.065952,0.757652,0.0005360690476190477,2,2912.0,2492.0
2493,0.8694738663101604,0.10037600096710321,0.3083,1.065952,0.757652,0.0005482523809523811,2,2913.0,2493.0
2494,0.8700406720430107,0.10034656356377687,0.3083,1.065952,0.757652,0.0005330214285714285,2,2914.0,2494.0
2495,0.870579027027027,0.1003491630913233,0.3083,1.065952,0.757652,0.0005299761904761906,2,2915.0,2495.0
2496,0.8711162826086956,0.10035578452829562,0.3083,1.065952,0.757652,0.0005299761904761906,2,2916.0,2496.0
2497,0.8716594098360656,0.10035955451391235,0.3083,1.065952,0.757652,0.0005269309523809524,2,2917.0,2497.0
2498,0.872201478021978,0.10036736881739225,0.3083,1.065952,0.757652,0.0005238857142857143,2,2918.0,2498.0
2499,0.8727424696132596,0.10037926944347615,0.3083,1.065952,0.757652,0.0005177928571428572,2,2919.0,2499.0
2500,0.8732752555555556,0.10040217469496932,0.3083,1.065952,0.757652,0.0005330214285714285,2,2920.0,2500.0
2501,0.8738497262569833,0.10038680132589452,0.3083,1.065952,0.757652,0.0005117000000000001,2,2921.0,2501.0
2502,0.8743803426966292,0.10041776223962583,0.3083,1.065952,0.757652,0.000514747619047619,2,2922.0,2502.0
2503,0.8749241864406779,0.10043928927918966,0.3083,1.065952,0.757652,0.0005117000000000001,2,2923.0,2503.0
2504,0.8754669374999999,0.10046506292958243,0.3083,1.065952,0.757652,0.000514747619047619,2,2924.0,2504.0
2505,0.8760232057142857,0.1004810629997967,0.3083,1.065952,0.757652,0.000514747619047619,2,2925.0,2505.0
2506,0.8765858678160919,0.10049411201548765,0.3083,1.065952,0.757652,0.0005238857142857143,2,2926.0,2506.0
2507,0.8771772196531793,0.100481816165096,0.3083,1.065952,0.757652,0.0005208380952380953,2,2927.0,2507.0
2508,0.8777680058139535,0.10047345232439525,0.3083,1.065952,0.757652,0.0005238857142857143,2,2928.0,2508.0
2509,0.878373187134503,0.10045374641260303,0.3083,1.065952,0.757652,0.0005299761904761906,2,2929.0,2509.0
2510,0.8790005352941177,0.10041421209746476,0.3083,1.065952,0.757652,0.0005299761904761906,2,2930.0,2510.0
2511,0.8796353076923077,0.10037020312951626,0.3083,1.065952,0.757652,0.0005269309523809524,2,2931.0,2511.0
2512,0.8802700238095239,0.10032975087536956,0.3083,1.065952,0.757652,0.0005177928571428572,2,2932.0,2512.0
2513,0.8808893592814371,0.10030899198415318,0.3083,1.065952,0.757652,0.0005177928571428572,2,2933.0,2513.0
2514,0.8815161566265061,0.10028408438590866,0.3083,1.065952,0.757652,0.0005117000000000001,2,2934.0,2514.0
2515,0.8821350424242423,0.10027096896342863,0.3083,1.065952,0.757652,0.000514747619047619,2,2935.0,2515.0
2516,0.8827692804878048,0.10024570398413583,0.3083,1.065952,0.757652,0.0005025642857142858,2,2936.0,2516.0
2517,0.8833799079754602,0.10024820544964866,0.3083,1.065952,0.757652,0.0005269309523809524,2,2937.0,2517.0
2518,0.8840612469135801,0.1001801856141212,0.3083,1.065952,0.757652,0.0005056095238095238,2,2938.0,2518.0
2519,0.8846954285714287,0.10016611818806805,0.3083,1.065952,0.757652,0.0005086547619047619,2,2939.0,2519.0
2520,0.8853455312499999,0.10013947803313648,0.3083,1.065952,0.757652,0.0005117000000000001,2,2940.0,2520.0
2521,0.8860118553459119,0.10009967862487361,0.3083,1.065952,0.757652,0.000514747619047619,2,2941.0,2521.0
2522,0.8866947151898733,0.10004609800152266,0.3083,1.065952,0.757652,0.0005117000000000001,2,2942.0,2522.0
2523,0.8873781210191081,0.09999590917940558,0.3083,1.065952,0.757652,0.000514747619047619,2,2943.0,2523.0
2524,0.8880784935897436,0.0999313127071057,0.3083,1.065952,0.757652,0.000514747619047619,2,2944.0,2524.0
2525,0.8887879032258066,0.0998608327279503,0.3083,1.065952,0.757652,0.0005117000000000001,2,2945.0,2525.0
2526,0.8894982142857142,0.09979346866312304,0.3083,1.065952,0.757652,0.0005117000000000001,2,2946.0,2526.0
2527,0.8902178104575164,0.09972001853167467,0.3083,1.065952,0.757652,0.0005056095238095238,2,2947.0,2527.0
2528,0.8909300460526314,0.09965886773701013,0.3083,1.065952,0.757652,0.0005056095238095238,2,2948.0,2528.0
2529,0.8916517152317881,0.09959167360083006,0.3083,1.065952,0.757652,0.0005086547619047619,2,2949.0,2529.0
2530,0.8923915333333334,0.09950868223069226,0.3083,1.065952,0.757652,0.000514747619047619,2,2950.0,2530.0
2531,0.8931584563758388,0.09939923753947666,0.3083,1.065952,0.757652,0.0005086547619047619,2,2951.0,2531.0
2532,0.8939184527027026,0.09930208970783223,0.3083,1.065952,0.757652,0.0005056095238095238,2,2952.0,2532.0
2533,0.894680088435374,0.0992075240919839,0.3083,1.065952,0.757652,0.0005086547619047619,2,2953.0,2533.0
2534,0.8954609178082191,0.09909550752838554,0.3083,1.065952,0.757652,0.0005025642857142858,2,2954.0,2534.0
2535,0.896234875862069,0.09899589678239251,0.3083,1.065952,0.757652,0.0005025642857142858,2,2955.0,2535.0
2536,0.8970195833333333,0.09888861610267073,0.3083,1.065952,0.757652,0.0004934261904761906,2,2956.0,2536.0
2537,0.8977884265734264,0.09880395462496086,0.3083,1.065952,0.757652,0.0004995166666666667,2,2957.0,2537.0
2538,0.8985861126760564,0.09869132759258692,0.3083,1.065952,0.757652,0.0004995166666666667,2,2958.0,2538.0
2539,0.8993951134751772,0.09857037848941948,0.3083,1.065952,0.757652,0.0005056095238095238,2,2959.0,2539.0
2540,0.90023395,0.09841903363863003,0.3083,1.065952,0.757652,0.0004995166666666667,2,2960.0,2540.0
2541,0.9010664460431654,0.09828003299595467,0.3083,1.065952,0.757652,0.0005117000000000001,2,2961.0,2541.0
2542,0.9019480869565216,0.09808625784248864,0.3083,1.065952,0.757652,0.0005056095238095238,2,2962.0,2542.0
2543,0.9028239270072993,0.09790444528910287,0.3083,1.065952,0.757652,0.0005117000000000001,2,2963.0,2543.0
2544,0.9037314558823529,0.09768790111406625,0.3083,1.065952,0.757652,0.0005056095238095238,2,2964.0,2544.0
2545,0.9046334814814816,0.0974831161807465,0.3083,1.065952,0.757652,0.0005117000000000001,2,2965.0,2545.0
2546,0.9055680597014926,0.09724176888673056,0.3083,1.065952,0.757652,0.0005177928571428572,2,2966.0,2546.0
2547,0.9065359323308272,0.09696149182440919,0.3083,1.065952,0.757652,0.0005177928571428572,2,2967.0,2547.0
2548,0.9075184696969697,0.09666622532632581,0.3083,1.065952,0.757652,0.0005208380952380953,2,2968.0,2548.0
2549,0.9085257709923664,0.09634186797918416,0.3083,1.065952,0.757652,0.0005269309523809524,2,2969.0,2549.0
2550,0.9095682538461539,0.09597284360478964,0.3083,1.065952,0.757652,0.0005330214285714285,2,2970.0,2550.0
2551,0.9106467286821704,0.09555618305793094,0.3083,1.065952,0.757652,0.0005299761904761906,2,2971.0,2551.0
2552,0.9117320625,0.09513340343456116,0.3083,1.065952,0.757652,0.0005391142857142859,2,2972.0,2552.0
2553,0.9128647086614172,0.09464363466915017,0.3083,1.065952,0.757652,0.0005330214285714285,2,2973.0,2553.0
2554,0.9139950238095238,0.09416077438459067,0.3083,1.065952,0.757652,0.0005391142857142859,2,2974.0,2554.0
2555,0.9151638959999999,0.09362175178483463,0.3083,1.065952,0.757652,0.0005360690476190477,2,2975.0,2555.0
2556,0.9163413064516129,0.09307218290679078,0.3083,1.065952,0.757652,0.0005452047619047619,2,2976.0,2556.0
2557,0.9175690569105691,0.09244427226016877,0.3083,1.065952,0.757652,0.0005573880952380954,2,2977.0,2557.0
2558,0.9188588770491802,0.09171349390326322,0.3083,1.065952,0.757652,0.0005421595238095238,2,2978.0,2558.0
2559,0.9201171570247934,0.09103692448798753,0.3083,1.065952,0.757652,0.0005482523809523811,2,2979.0,2559.0
2560,0.9214177333333333,0.09028906146489853,0.3083,1.065952,0.757652,0.0005634809523809525,2,2980.0,2560.0
2561,0.9227939159663865,0.08940556105939877,0.30574100000000004,1.065952,0.760211,0.0005573880952380954,2,2981.0,2561.0
2562,0.9241717372881355,0.08851658624047967,0.29806600000000005,1.065952,0.767886,0.0005391142857142859,2,2982.0,2562.0
2563,0.9255075128205127,0.08770180432302858,0.29806600000000005,1.065952,0.767886,0.0005391142857142859,2,2983.0,2563.0
2564,0.9268663189655172,0.08684405563765742,0.29167,1.065952,0.774282,0.0005238857142857143,2,2984.0,2564.0
2565,0.9281931391304348,0.08604219458360679,0.287832,1.065952,0.77812,0.000514747619047619,2,2985.0,2565.0
2566,0.9295095701754386,0.08525788051140909,0.285273,1.065952,0.780679,0.0005086547619047619,2,2986.0,2566.0
2567,0.9308266548672567,0.0844717444771018,0.285273,1.065952,0.780679,0.0005025642857142858,2,2987.0,2567.0
2568,0.9321444196428571,0.08368369175818702,0.285273,1.065952,0.780679,0.0004995166666666667,2,2988.0,2568.0
2569,0.9334743963963963,0.08287303616938962,0.285273,1.065952,0.780679,0.0004995166666666667,2,2989.0,2569.0
2570,0.9348285545454547,0.0820172562742507,0.285273,1.065952,0.780679,0.0004995166666666667,2,2990.0,2570.0
2571,0.9362075596330275,0.08111326841510205,0.285273,1.065952,0.780679,0.0004995166666666667,2,2991.0,2571.0
2572,0.9376121018518518,0.08015768085686324,0.285273,1.065952,0.780679,0.0005056095238095238,2,2992.0,2572.0
2573,0.9390668130841121,0.07909965199802117,0.285273,1.065952,0.780679,0.0005086547619047619,2,2993.0,2573.0
2574,0.9405610377358491,0.07795435365719984,0.285273,1.065952,0.780679,0.0005086547619047619,2,2994.0,2574.0
2575,0.9420837238095238,0.07673973930438306,0.28271500000000005,1.065952,0.783237,0.0004964714285714285,2,2995.0,2575.0
2576,0.9435864903846153,0.07555455111603843,0.28271500000000005,1.065952,0.783237,0.00048733333333333354,2,2996.0,2576.0
2577,0.9450811747572816,0.0743745115369359,0.28271500000000005,1.065952,0.783237,0.00048733333333333354,2,2997.0,2577.0
2578,0.9466051666666666,0.07312028608289749,0.28271500000000005,1.065952,0.783237,0.0005025642857142858,2,2998.0,2578.0
2579,0.9482226732673268,0.07164249590644599,0.26480499999999996,1.065952,0.801147,0.0004599214285714285,2,2999.0,2579.0
2580,0.94969343,0.07046629002484169,0.26096700000000006,1.065952,0.804985,0.00045078333333333355,2,3000.0,2580.0
2581,0.9511551313131312,0.06929644653761355,0.254571,1.065952,0.811381,0.00043555476190476193,2,3001.0,2581.0
2582,0.9525813979591835,0.06818803457528007,0.24177899999999997,1.065952,0.824173,0.00040509761904761903,2,3002.0,2582.0
2583,0.9539051958762887,0.06727408826777664,0.21747300000000003,1.065952,0.848479,0.0003472261904761906,2,3003.0,2583.0
2584,0.9550033854166665,0.06675299818849742,0.20723900000000006,1.065952,0.858713,0.000322859523809524,2,3004.0,2584.0
2585,0.9560169684210527,0.06636446330481283,0.20467999999999997,1.065952,0.861272,0.00029240000000000006,2,3005.0,2585.0
2586,0.9569160212765957,0.06613854779479063,0.20467999999999997,1.065952,0.861272,0.0002832642857142858,2,3006.0,2586.0
2587,0.9577931505376345,0.06594712752920845,0.20467999999999997,1.065952,0.861272,0.0002588976190476192,2,3007.0,2587.0
2588,0.9585781086956523,0.06587103164145773,0.20467999999999997,1.065952,0.861272,0.00026194285714285716,2,3008.0,2588.0
2589,0.9593943736263737,0.06576758710002448,0.20467999999999997,1.065952,0.861272,0.00026194285714285716,2,3009.0,2589.0
2590,0.9602287777777778,0.06565118646821207,0.20467999999999997,1.065952,0.861272,0.00023148333333333348,2,3010.0,2590.0
2591,0.960938191011236,0.06567504920711346,0.20467999999999997,1.065952,0.861272,0.00023757619047619057,2,3011.0,2591.0
2592,0.9616928068181818,0.06566235798123507,0.20467999999999997,1.065952,0.861272,0.00025585000000000007,2,3012.0,2592.0
2593,0.9625529885057469,0.06554380934890332,0.20467999999999997,1.065952,0.861272,0.0002649880952380953,2,3013.0,2593.0
2594,0.9634778023255813,0.06535698061199538,0.20467999999999997,1.065952,0.861272,0.000295447619047619,2,3014.0,2594.0
2595,0.9645748823529411,0.06494828706148804,0.20467999999999997,1.065952,0.861272,0.0002771714285714287,2,3015.0,2595.0
2596,0.9656067023809524,0.06463746701959355,0.20467999999999997,1.065952,0.861272,0.0002832642857142858,2,3016.0,2596.0
2597,0.96669421686747,0.06425724664361236,0.20467999999999997,1.065952,0.861272,0.0002832642857142858,2,3017.0,2597.0
2598,0.9678082560975609,0.06384620118515964,0.20467999999999997,1.065952,0.861272,0.0002832642857142858,2,3018.0,2598.0
2599,0.9689498024691359,0.06340194045311423,0.20467999999999997,1.065952,0.861272,0.0002832642857142858,2,3019.0,2599.0
2600,0.9701198874999999,0.06292182937224446,0.20467999999999997,1.065952,0.861272,0.0002832642857142858,2,3020.0,2600.0
2601,0.9713195949367088,0.06240295412341948,0.20467999999999997,1.065952,0.861272,0.0002893547619047619,2,3021.0,2601.0
2602,0.972582858974359,0.0617898241117594,0.20467999999999997,1.065952,0.861272,0.00029240000000000006,2,3022.0,2602.0
2603,0.9738955454545454,0.06109960047556701,0.20467999999999997,1.065952,0.861272,0.0003045833333333335,2,3023.0,2603.0
2604,0.9753101052631578,0.06023459389983794,0.20467999999999997,1.065952,0.861272,0.0003015380952380953,2,3024.0,2604.0
2605,0.9767453333333332,0.05932985366313396,0.20467999999999997,1.065952,0.861272,0.00031676666666666665,2,3025.0,2605.0
2606,0.9783057837837835,0.05818053032407912,0.20212200000000002,1.065952,0.86383,0.0003076309523809524,2,3026.0,2606.0
2607,0.9798564246575343,0.057038684857727215,0.20212200000000002,1.065952,0.86383,0.00031067619047619056,2,3027.0,2607.0
2608,0.9814679027777777,0.055758648976379485,0.18932899999999997,1.065952,0.876623,0.00028021666666666666,2,3028.0,2608.0
2609,0.9829445915492958,0.05473401270718557,0.18037500000000006,1.065952,0.885577,0.00024975952380952397,2,3029.0,2609.0
2610,0.9842807285714287,0.053961614610208,0.18037500000000006,1.065952,0.885577,0.00023757619047619057,2,3030.0,2610.0
2611,0.9855814347826088,0.053250615916007535,0.18037500000000006,1.065952,0.885577,0.00024975952380952397,2,3031.0,2611.0
2612,0.9869956470588237,0.05233859722624144,0.18037500000000006,1.065952,0.885577,0.0002588976190476192,2,3032.0,2612.0
2613,0.9885093582089551,0.051228941089537176,0.17653700000000005,1.065952,0.889415,0.00024975952380952397,2,3033.0,2613.0
2614,0.990010787878788,0.050131134115260934,0.17269900000000005,1.065952,0.893253,0.00024062142857142872,2,3034.0,2614.0
2615,0.9914993692307692,0.04904637032804749,0.17142000000000002,1.065952,0.894532,0.00023757619047619057,2,3035.0,2615.0
2616,0.9930144843750001,0.047894893276838574,0.170141,1.065952,0.895811,0.0002345309523809524,2,3036.0,2616.0
2617,0.994557396825397,0.04666878183762256,0.15734800000000004,1.065952,0.908604,0.00020407142857142873,2,3037.0,2617.0
2618,0.9959437419354841,0.04573861395241708,0.15095199999999998,1.065952,0.915,0.00018884285714285714,2,3038.0,2618.0
2619,0.9972706885245903,0.04491266435896469,0.14967300000000006,1.065952,0.916279,0.00015838333333333346,2,3039.0,2619.0
2620,0.99842865,0.044373113278134625,0.14967300000000006,1.065952,0.916279,0.00015838333333333346,2,3040.0,2620.0
2621,0.9996258644067797,0.043776092432509114,0.14967300000000006,1.065952,0.916279,0.0001492476190476192,2,3041.0,2621.0
2622,1.0007982068965517,0.043223811651465126,0.14967300000000006,1.065952,0.916279,0.00014620000000000003,2,3042.0,2622.0
2623,1.0019892280701754,0.04264739413401092,0.14967300000000006,1.065952,0.916279,0.00015229285714285712,2,3043.0,2623.0
2624,1.003268482142857,0.04192849646591849,0.14967300000000006,1.065952,0.916279,0.00015533809523809528,2,3044.0,2624.0
2625,1.0046175090909093,0.04108587960795058,0.14967300000000006,1.065952,0.916279,0.00016143095238095237,2,3045.0,2625.0
2626,1.006063888888889,0.04005307579379155,0.14967300000000006,1.065952,0.916279,0.0001736142857142858,2,3046.0,2626.0
2627,1.0076613962264152,0.038687312182414654,0.14967300000000006,1.065952,0.916279,0.00018579761904761923,2,3047.0,2627.0
2628,1.00941875,0.036902729997967426,0.14711399999999997,1.065952,0.918838,0.00017970476190476187,2,3048.0,2628.0
2629,1.011194843137255,0.03499256080849441,0.14711399999999997,1.065952,0.918838,0.00017970476190476187,2,3049.0,2629.0
2630,1.01304198,0.03278660174674406,0.14199700000000004,1.065952,0.923955,0.0001675214285714287,2,3050.0,2630.0
2631,1.0148600816326532,0.030522525477823047,0.13560099999999997,1.065952,0.930351,0.0001492476190476192,2,3051.0,2631.0
2632,1.0165940416666668,0.028349764619803534,0.13560099999999997,1.065952,0.930351,0.00015229285714285712,2,3052.0,2632.0
2633,1.0184290000000003,0.02567469354599683,0.12920500000000001,1.065952,0.936747,0.0001370642857142858,2,3053.0,2633.0
2634,1.0202046956521742,0.022919961525756434,0.10745700000000002,1.065952,0.958495,8.528333333333345e-05,2,3054.0,2634.0
2635,1.0215760222222225,0.02122484005382885,0.08698899999999998,1.065952,0.978963,3.655000000000001e-05,2,3055.0,2635.0
2636,1.0225445000000002,0.020457874212524003,0.07291800000000004,1.065952,0.993034,-4.2640476190476345e-05,2,3056.0,2636.0
2637,1.0227845348837212,0.020633046579032005,0.07291800000000004,1.065952,0.993034,-0.00010051190476190477,2,3057.0,2637.0
2638,1.022457285714286,0.020766653725768785,0.07291800000000004,1.065952,0.993034,-0.00012183333333333345,2,3058.0,2638.0
2639,1.0218956585365855,0.020700831898695204,0.07291800000000004,1.065952,0.993034,-0.00012487857142857162,2,3059.0,2639.0
2640,1.0212739750000002,0.020576477957230072,0.07291800000000004,1.065952,0.993034,-0.0001583833333333332,2,3060.0,2640.0
2641,1.02025958974359,0.019826460553717097,0.07291800000000004,1.065952,0.993034,-0.00017056666666666662,2,3061.0,2641.0
2642,1.0190571578947374,0.01862914709820738,0.06268399999999996,1.055718,0.993034,-0.00014619999999999976,2,3062.0,2642.0
2643,1.0180663243243246,0.017863879064922192,0.056288000000000116,1.049322,0.993034,-0.00013097142857142872,2,3063.0,2643.0
2644,1.0171981111111115,0.017323169000211153,0.05372900000000014,1.046763,0.993034,-0.000118785714285714,2,3064.0,2644.0
2645,1.0164265142857145,0.016947956420206682,0.05372900000000014,1.046763,0.993034,-0.00010355714285714293,2,3065.0,2645.0
2646,1.0157976470588237,0.01678808128665088,0.05372900000000014,1.046763,0.993034,-0.000118785714285714,2,3066.0,2646.0
2647,1.0149368484848487,0.01628456776088521,0.05372900000000014,1.046763,0.993034,-0.00011574047619047636,2,3067.0,2647.0
2648,1.0140622187500001,0.015755316524776606,0.05372900000000014,1.046763,0.993034,-7.614523809523793e-05,2,3068.0,2648.0
2649,1.0136676129032258,0.01585101187098248,0.05372900000000014,1.046763,0.993034,-5.787142857142869e-05,2,3069.0,2649.0
2650,1.0135025333333332,0.016086793984991417,0.05372900000000014,1.046763,0.993034,-5.17785714285716e-05,2,3070.0,2650.0
2651,1.0134143103448274,0.016354664792954134,0.05372900000000014,1.046763,0.993034,-5.787142857142869e-05,2,3071.0,2651.0
2652,1.0132283928571428,0.016614010568405578,0.05372900000000014,1.046763,0.993034,-4.2640476190476345e-05,2,3072.0,2652.0
2653,1.0132656296296296,0.016917732827154305,0.05372900000000014,1.046763,0.993034,-2.4366666666666584e-05,2,3073.0,2653.0
2654,1.0136009230769232,0.017151745188000063,0.05372900000000014,1.046763,0.993034,-2.7411904761904752e-05,2,3074.0,2654.0
2655,1.01391188,0.017419403207503997,0.05372900000000014,1.046763,0.993034,-3.0457142857142917e-05,2,3075.0,2655.0
2656,1.0141954583333332,0.01772197341339082,0.05372900000000014,1.046763,0.993034,-2.4366666666666584e-05,2,3076.0,2656.0
2657,1.0146149130434785,0.01798613001348551,0.05372900000000014,1.046763,0.993034,-2.4366666666666584e-05,2,3077.0,2657.0
2658,1.0150724999999998,0.01825895900833841,0.05372900000000014,1.046763,0.993034,-2.7411904761904752e-05,2,3078.0,2658.0
2659,1.015512761904762,0.018574202716734812,0.05372900000000014,1.046763,0.993034,-2.7411904761904752e-05,2,3079.0,2659.0
2660,1.01599705,0.01890306384551194,0.05372900000000014,1.046763,0.993034,-3.9595238095238176e-05,2,3080.0,2660.0
2661,1.016263,0.019357630457971068,0.05372900000000014,1.046763,0.993034,-7.005238095238083e-05,2,3081.0,2661.0
2662,1.0158478333333334,0.019805570221671388,0.05372900000000014,1.046763,0.993034,-0.00010660476190476185,2,3082.0,2662.0
2663,1.0144807647058822,0.019537015792138894,0.05372900000000014,1.046763,0.993034,-0.00010051190476190477,2,3083.0,2663.0
2664,1.0131027499999998,0.019320176129826064,0.05372900000000014,1.046763,0.993034,-0.00012487857142857162,2,3084.0,2664.0
2665,1.0108587333333332,0.017820887929493184,0.0486120000000001,1.041646,0.993034,-0.00011269523809523819,2,3085.0,2665.0
2666,1.0086596428571426,0.01636241539367908,0.04733300000000007,1.040367,0.993034,-0.00010965000000000002,2,3086.0,2666.0
2667,1.0062206153846152,0.014319189150541797,0.04733300000000007,1.040367,0.993034,-0.00010965000000000002,2,3087.0,2667.0
2668,1.003375083333333,0.010810369631811322,0.03581999999999996,1.028854,0.993034,-8.2238095238095e-05,2,3088.0,2668.0
2669,1.001058818181818,0.00794399703398943,0.026864999999999917,1.019899,0.993034,-6.091666666666633e-05,2,3089.0,2669.0
2670,0.9991747999999999,0.005511173029401295,0.017910000000000093,1.010944,0.993034,-3.9595238095238176e-05,2,3090.0,2670.0
2671,0.997867111111111,0.004080111121701491,0.012793000000000054,1.005827,0.993034,-2.7411904761904752e-05,2,3091.0,2671.0
2672,0.9968721249999999,0.0031334077071736226,0.010234000000000076,1.003268,0.993034,-2.1319047619047662e-05,2,3092.0,2672.0
2673,0.9959584285714286,0.0021312251913691545,0.006396999999999986,0.999431,0.993034,-1.218333333333316e-05,2,3093.0,2673.0
2674,0.9953796666666667,0.001718832032385815,0.005117000000000038,0.998151,0.993034,-9.135714285714236e-06,2,3094.0,2674.0
2675,0.9948254000000001,0.0013046037865957526,0.003838000000000008,0.996872,0.993034,-6.0904761904760696e-06,2,3095.0,2675.0
2676,0.9943137500000001,0.0009047431610683696,0.002558999999999978,0.995593,0.993034,-3.0452380952379026e-06,2,3096.0,2676.0
2677,0.9938873333333333,0.0006033977866125484,0.0012800000000000589,0.994314,0.993034,0.0,2,3097.0,2677.0
2678,0.993674,0.0006400000000000294,0.0012800000000000589,0.994314,0.993034,3.047619047619188e-06,2,3098.0,2678.0
2679,0.994314,0.0,0.0,0.994314,0.994314,0.0,2,3099.0,2679.0
